# Accelerometer Values
# filename:  fistbump__4.txt
# Saving start time: Tue Apr 07 10:52:36 MST 2015

# sensor resolution: 0.039230347m/s^2
#Sensorvendor: Invensense Inc., name: Invensense Accelerometer, type: 1,version : 4, range 19.613297

# X value, Y value, Z value, time diff in ms
4.422 -8.42 1.434 20
4.143 -8.547 1.362 20
4.075 -8.601 1.593 21
4.247 -8.898 1.889 20
4.471 -8.776 2.158 20
4.633 -8.523 2.289 20
4.401 -8.44 1.874 20
4.258 -8.468 1.696 20
4.286 -8.585 1.758 20
4.394 -8.6 1.777 21
4.333 -8.538 1.84 20
4.331 -8.725 2.005 20
4.218 -8.589 1.964 20
4.191 -8.58 1.848 20
4.284 -8.386 1.847 20
4.343 -8.369 1.789 20
4.334 -8.625 1.769 21
4.201 -8.503 2.103 20
4.244 -8.414 2.184 20
4.283 -8.58 2.072 20
4.392 -8.584 1.977 20
4.523 -8.48 1.849 20
4.39 -8.302 1.99 20
4.212 -8.359 2.051 21
4.188 -8.266 2.001 20
4.2 -8.612 1.976 20
4.326 -8.642 2.064 20
4.361 -8.623 1.922 20
4.39 -8.478 1.86 20
4.53 -8.463 1.966 20
4.492 -8.475 2.089 21
4.396 -8.529 2.191 20
4.333 -8.508 1.985 20
4.323 -8.418 1.83 20
4.383 -8.439 1.889 20
4.362 -8.559 2.071 20
4.32 -8.594 2.276 20
4.497 -8.641 1.958 20
4.649 -8.483 1.785 21
4.62 -8.463 1.765 20
4.504 -8.41 1.818 20
4.406 -8.534 1.979 20
4.476 -8.746 2.048 20
4.649 -8.818 1.644 20
4.722 -8.502 1.566 20
4.646 -8.264 1.587 21
4.5 -8.287 1.61 20
4.432 -8.483 1.795 20
4.483 -8.556 2.025 20
4.547 -8.512 2.094 20
4.435 -8.513 2.066 20
4.551 -8.531 1.832 20
4.524 -8.403 1.778 21
4.408 -8.358 1.671 20
4.507 -8.4 1.544 20
4.522 -8.249 1.388 20
4.293 -8.03 1.178 20
4.099 -8.023 1.189 20
3.945 -8.241 0.933 20
3.843 -8.402 0.995 21
3.991 -8.509 1.134 20
3.75 -8.501 1.106 20
3.749 -8.524 1.161 20
3.716 -8.733 1.118 20
3.649 -9.281 1.272 20
3.908 -9.352 1.332 20
4.485 -9.016 1.696 21
4.836 -8.609 1.666 20
4.712 -8.495 1.084 20
4.481 -8.541 0.62 20
4.486 -9.149 0.271 20
5.217 -8.416 1.499 20
5.309 -8.088 1.806 20
5.142 -8.487 0.956 21
4.875 -9.154 0.409 20
4.713 -8.762 0.192 20
4.751 -8.159 0.14 20
4.867 -8.416 -0.059 20
5.192 -8.989 0.571 20
4.949 -9.049 0.594 20
5.043 -8.763 0.391 21
4.942 -8.629 -0.029 20
4.801 -8.67 -0.42 20
4.765 -7.781 -0.062 20
6.029 -7.865 0.123 20
5.239 -10.116 0.769 20
4.645 -8.821 0.016 20
3.881 -8.484 -0.058 21
4.077 -8.444 -0.134 20
4.615 -9.956 -0.225 20
4.579 -9.37 0.395 20
5.061 -8.8 0.657 20
5.313 -8.337 0.57 20
6.01 -8.018 0.276 20
7.552 -7.7 -0.096 21
9.029 -8.186 -0.165 20
10.046 -8.672 0.706 20
11.054 -8.988 2.056 20
11.681 -9.291 2.973 20
14.189 -9.987 3.643 20
16.441 -10.368 4.993 20
17.113 -9.881 5.792 21
16.495 -8.583 5.412 20
16.144 -7.458 4.147 20
15.802 -4.821 4.579 20
15.707 -2.147 5.941 20
16.276 0.346 7.936 20
16.003 2.009 8.655 20
12.84 3.012 7.358 21
8.711 4.106 4.296 20
6.251 6.705 5.498 20
7.505 5.17 7.658 20
3.567 7.646 10.651 20
3.304 4.869 13.852 20
4.16 3.025 18.078 20
4.13 0.579 19.306 21
2.904 -2.416 19.321 20
-0.243 -4.838 15.38 20
-2.449 -5.975 11.428 20
-4.23 -5.445 7.598 20
-4.92 -5.47 5.07 20
-5.578 -5.198 3.729 20
-5.522 -4.535 2.204 21
-4.521 -4.264 1.197 20
-4.462 -3.466 -0.536 20
-6.585 -3.262 -2.314 20
-6.805 -3.75 -3.022 20
-7.318 -4.652 -3.491 20
-7.119 -6.954 -3.725 20
-5.437 -9.472 -3.941 21
-1.148 -10.584 -4.205 20
4.125 -11.13 -5.337 20
9.617 -12.52 -5.147 20
14.986 -16.587 -4.373 20
18.988 -19.407 -3.52 20
19.665 -19.407 -6.354 20
15.486 -7.986 -10.243 21
12.124 1.675 -13.341 20
11.167 -2.733 -17.304 20
2.873 -7.419 -17.325 20
-4.042 -10.274 -12.827 20
-6.056 -13.986 -7.695 20
-5.072 -13.893 -4.786 20
-1.702 -9.02 -3.064 21
2.414 -5.828 -2.553 20
1.728 -7.527 -3.918 20
-0.863 -7.63 -6.199 20
-2.132 -7.071 -7.993 20
-0.91 -6.789 -9.298 20
0.82 -6.492 -9.474 20
1.898 -6.621 -9.296 20
1.69 -6.938 -9.23 21
1.027 -6.717 -9.017 20
1.136 -6.786 -9.043 20
2.1 -6.702 -8.61 20
3.437 -6.656 -7.37 20
4.194 -6.681 -6.599 20
3.865 -7.132 -6.811 20
3.107 -6.465 -7.338 21
3.212 -6.633 -6.853 20
4.081 -7.551 -5.859 20
5.487 -8.667 -5.081 20
5.76 -8.3 -4.389 20
4.449 -6.348 -3.968 20
3.235 -4.946 -3.98 20
3.288 -5.062 -4.101 21
3.018 -4.669 -4.114 20
1.851 -3.376 -4.146 20
0.022 -1.064 -4.053 20
-1.258 0.826 -4.147 20
-1.283 -0.004 -4.302 20
-0.49 -1.594 -3.459 20
-1.283 -0.721 -2.489 21
-2.228 1.55 -1.786 20
-1.57 1.83 -1.324 20
0.737 0.658 -1.213 20
3.477 -0.874 -0.62 20
4.676 0.812 0.109 20
6.64 2.52 1.521 20
9.461 2.728 3.271 21
11.843 0.373 5.441 20
12.879 -1.871 8.034 20
14.175 -1.199 10.61 20
14.644 -2.913 10.215 20
15.11 -4.351 9.642 20
13.968 -5.293 8.029 20
12.821 -6.848 6.079 21
12.425 -8.261 4.78 20
12.403 -9.962 3.658 20
12.826 -11.782 3.1 20
13.066 -12.702 2.891 20
13.267 -13.137 3.034 20
13.633 -13.303 3.259 20
14.193 -13.786 3.639 21
14.643 -13.045 4.57 20
14.41 -10.307 5.264 20
12.15 -7.473 4.524 20
9.573 -6.574 2.944 20
8.66 -7.652 1.113 20
7.034 -9.023 -0.685 20
4.891 -10.167 -2.026 21
3.928 -9.86 -2.425 20
4.006 -9.089 -2.141 20
3.842 -8.974 -1.5 20
3.598 -9.038 -1.099 20
4.552 -9.21 -0.408 20
4.957 -9.37 0.394 20
4.082 -9.38 0.607 21
3.089 -9.558 0.002 20
2.787 -10.143 -0.281 20
3.483 -11.097 0.265 20
2.875 -10.46 0.348 20
3.036 -9.768 0.043 20
3.165 -8.855 -0.265 20
3.321 -8.303 -0.51 21
3.605 -8.893 -0.458 20
3.62 -9.246 -0.231 20
3.725 -9.354 0.716 20
3.861 -8.957 1.481 20
4.121 -8.718 1.71 20
3.905 -8.648 1.935 20
3.278 -8.72 1.613 21
2.826 -9.229 1.315 20
2.978 -9.18 1.323 20
3.421 -8.486 1.6 20
4.002 -8.302 1.683 20
3.795 -8.279 1.421 20
3.53 -7.887 1.335 20
3.286 -8.183 1.401 21
3.219 -8.604 1.762 20
3.135 -9.036 2.092 20
3.044 -8.999 2.342 20
3.175 -8.809 2.222 20
3.163 -9.094 2.354 20
3.132 -9.242 2.406 20
3.411 -9.207 2.179 21
3.935 -8.769 1.844 20
3.834 -8.606 1.693 20
3.467 -9.031 1.937 20
3.316 -9.001 1.964 20
3.187 -8.96 1.782 20
3.26 -8.838 1.616 20
3.314 -8.749 1.611 21
3.345 -8.884 1.703 20
3.427 -8.965 2.132 20
3.608 -9.254 2.152 20
3.722 -9.157 2.208 20
3.689 -8.949 1.909 20
3.378 -8.774 1.786 20
3.605 -8.95 1.833 21
3.814 -8.925 1.918 20
3.732 -8.861 1.963 20
3.727 -8.779 1.742 20
3.32 -8.943 1.622 20
3.185 -9.01 2.064 20
3.524 -8.949 2.515 20
3.77 -8.81 2.285 21
3.95 -8.662 1.984 20
3.602 -8.888 1.668 20
3.595 -8.898 1.901 20
3.656 -8.923 2.04 20
3.619 -8.833 2.227 20
3.575 -8.753 2.189 20
3.584 -8.863 1.968 21
3.642 -8.92 1.764 20
3.741 -8.921 1.746 20
3.82 -8.943 1.637 20
3.675 -8.866 1.582 20
3.619 -8.656 1.704 20
3.307 -8.719 2.039 20
3.29 -8.775 2.395 20
3.717 -8.851 2.419 21
3.813 -8.899 2.416 20
3.333 -8.826 2.225 20
2.978 -8.799 2.065 20
3.288 -8.89 1.858 20
3.724 -8.716 1.914 20
3.882 -8.834 2.242 20
3.621 -8.913 2.49 21
3.48 -9.103 2.244 20
3.605 -9.028 1.928 20
3.831 -8.808 1.623 20
4.095 -8.662 1.616 20
3.783 -8.897 1.98 20
3.242 -9.147 2.384 20
3.151 -8.997 2.555 21
3.331 -8.959 2.545 20
3.808 -8.734 2.18 20
3.682 -8.643 2.052 20
3.244 -8.702 1.949 20
2.92 -8.642 2.026 20
3.32 -8.739 2.462 20
3.769 -8.854 2.521 21
3.872 -8.803 2.381 20
3.581 -8.832 2.141 20
3.609 -8.853 1.954 20
3.669 -8.86 1.97 20
3.743 -8.834 2.103 20
3.547 -8.799 2.123 20
3.719 -8.874 2.261 21
3.7 -8.804 2.435 20
3.597 -8.77 2.46 20
3.595 -8.568 2.214 20
3.665 -8.299 1.903 20
3.723 -8.827 1.809 20
3.821 -8.881 2.032 20
3.893 -8.841 2.365 21
3.8 -8.795 2.537 20
3.896 -8.683 2.585 20
3.959 -8.599 2.596 20
3.834 -8.521 2.549 20
3.861 -8.6 2.732 20
# end
#Tue Apr 07 10:52:42 MST 2015