# Accelerometer Values
# filename:  fistbump__2.txt
# Saving start time: Tue Apr 07 10:52:15 MST 2015

# sensor resolution: 0.039230347m/s^2
#Sensorvendor: Invensense Inc., name: Invensense Accelerometer, type: 1,version : 4, range 19.613297

# X value, Y value, Z value, time diff in ms
4.733 -8.439 1.255 20
4.813 -8.414 1.439 20
4.991 -8.26 1.659 20
4.984 -8.27 1.729 20
4.88 -8.452 1.742 21
4.589 -8.492 1.776 20
4.631 -8.288 1.572 20
4.836 -8.308 1.48 20
4.889 -8.376 1.395 20
4.889 -8.343 1.515 20
4.771 -8.182 1.525 20
4.761 -8.298 1.449 21
4.99 -8.579 1.256 20
5.102 -8.501 1.397 20
4.831 -8.191 1.427 20
4.596 -7.994 1.315 20
4.231 -8.182 1.189 20
4.086 -8.532 1.147 20
3.854 -8.418 0.973 21
3.833 -8.204 0.781 20
4.176 -7.998 0.65 20
4.786 -8.124 0.847 20
5.003 -8.279 1.257 20
4.874 -8.766 1.587 20
4.376 -8.841 1.61 20
4.39 -8.661 1.231 21
4.615 -8.308 0.941 20
4.82 -8.201 0.848 20
5.136 -8.316 0.694 20
5.388 -8.561 0.644 20
5.496 -8.763 0.708 20
5.411 -8.482 0.887 20
5.213 -8.299 0.74 21
5.044 -8.566 0.763 20
4.951 -8.786 0.422 20
5.074 -8.477 0.426 20
5.188 -8.139 0.511 20
5.182 -8.169 0.451 20
4.902 -8.505 0.177 20
4.627 -8.656 -0.021 21
4.765 -8.793 0.018 20
4.85 -8.792 0.148 20
4.953 -8.637 0.56 20
5.001 -8.536 0.758 20
4.719 -9.087 0.544 20
4.727 -9.004 0.21 20
4.902 -8.397 0.072 21
4.968 -8.106 0.131 20
5.091 -8.271 0.088 20
5.133 -8.405 0.048 20
5.155 -8.515 0.132 20
4.889 -8.458 0.088 20
4.905 -8.174 0.076 20
4.925 -8.379 -0.038 21
4.979 -8.466 0.097 20
4.973 -8.475 0.071 20
4.888 -8.592 0.118 20
4.966 -8.566 -0.178 20
4.878 -8.51 -0.145 20
4.748 -8.34 -0.349 20
4.723 -8.459 -0.376 21
4.708 -8.656 -0.263 20
4.689 -8.548 -0.125 20
4.805 -8.374 -0.119 20
4.751 -8.261 -0.259 20
5.049 -8.366 -0.245 20
5.256 -8.489 -0.159 20
5.079 -8.609 -0.068 20
4.933 -8.5 0.152 21
4.682 -8.515 0.31 20
4.572 -8.4 0.118 20
4.794 -8.365 -0.106 20
4.914 -8.326 -0.248 20
5.06 -8.388 -0.273 20
5.115 -8.478 -0.126 20
5.126 -8.837 0.013 21
4.913 -9.028 0.04 20
4.626 -8.747 -0.012 20
4.539 -8.403 0.141 20
4.944 -8.322 -0.127 20
5.138 -8.293 -0.293 20
5.151 -8.065 -0.335 20
5.058 -8.078 -0.506 21
4.972 -8.159 -0.467 20
4.85 -8.282 -0.335 20
4.968 -8.391 0.052 20
5.036 -8.709 0.104 20
5.002 -8.601 0.009 20
4.991 -8.463 -0.151 20
4.951 -8.34 -0.213 21
4.962 -8.147 -0.108 20
5.027 -8.018 0.053 20
5.266 -8.022 0.029 20
5.493 -8.36 0.023 20
5.398 -8.344 0.057 20
5.334 -8.35 0.094 20
5.248 -8.309 0.103 21
5.202 -8.497 0.107 20
5.223 -8.487 0.13 20
5.41 -8.314 0.208 20
5.668 -8.103 0.293 20
6.34 -8.086 0.521 20
7.303 -7.889 0.852 20
8.607 -7.641 1.48 21
10.096 -7.32 2.317 20
11.614 -6.585 3.18 20
13.409 -6.741 3.447 20
14.873 -6.689 3.872 20
16.108 -6.775 5.191 20
17.424 -7.01 7.019 20
17.436 -5.452 7.19 21
18.255 -5.538 8.751 20
17.664 -3.222 7.622 20
17.43 -0.648 8.447 20
15.936 1.459 8.478 20
14.164 1.51 8.718 20
12.395 2.651 10.654 20
13.071 3.759 14.681 21
16.192 3.725 19.053 20
19.418 2.114 19.376 20
17.128 -1.109 19.376 20
11.646 -2.396 17.781 20
8.664 -3.01 13.773 20
7.361 -4.701 12.11 20
5.49 -7.344 9.501 21
1.93 -9.027 5.891 20
-1.855 -8.414 3.278 20
-5.032 -7.189 1.867 20
-8.111 -6.718 0.814 20
-9.655 -6.381 -0.636 20
-11.268 -5.732 -1.424 20
-12.414 -6.069 -1.887 21
-12.366 -5.73 -1.998 20
-11.731 -6.146 -2.229 20
-11.578 -7.25 -2.497 20
-10.136 -7.597 -2.22 20
-5.522 -8.411 -1.302 20
0.587 -9.953 0.387 20
6.085 -10.206 0.614 21
11.201 -10.086 -0.991 20
17.399 -13.552 -2.625 20
19.665 -14.849 -4.292 20
19.665 -5.464 -10.228 20
15.13 2.684 -17.543 20
7.716 -0.808 -19.812 20
3.379 -8.097 -15.861 21
-1.79 -10.754 -10.118 20
-4.452 -10.919 -5.93 20
-1.799 -9.237 -4.879 20
1.401 -6.715 -6.804 20
3.419 -4.314 -9.821 20
4.258 -2.496 -12.373 20
3.105 -2.628 -12.689 21
2.743 -3.901 -11.036 20
3.765 -4.945 -9.269 20
5.037 -5.313 -7.752 20
5.82 -4.644 -7.2 20
5.669 -4.373 -7.539 20
5.58 -4.784 -8.358 20
5.107 -4.809 -8.869 21
5.427 -5.315 -8.249 20
6.093 -6.577 -7.911 20
5.708 -6.581 -7.839 20
4.962 -4.715 -7.336 20
5.145 -3.916 -6.748 20
5.241 -4.765 -6.742 20
0.646 -4.764 -6.609 21
-4.638 -3.582 -6.968 20
-6.338 -2.4 -6.964 20
-5.406 -0.47 -8.163 20
-5.769 1.632 -9.685 20
-6.69 2.27 -10.447 20
-5.982 1.981 -10.015 20
-3.79 1.45 -9.303 21
-2.139 2.719 -8.841 20
-1.137 3.697 -9.407 20
-0.945 3.672 -9.032 20
0.01 3.158 -7.968 20
1.391 2.25 -7.186 20
2.552 1.434 -6.539 20
2.85 1.046 -5.632 20
2.463 0.833 -4.58 21
2.032 0.531 -3.391 20
2.419 -0.461 -2.299 20
3.243 -0.997 -1.075 20
3.617 -0.966 -0.117 20
3.209 -1.281 0.16 20
2.727 -1.896 0.244 20
2.748 -2.776 0.244 21
3.813 -3.785 0.419 20
5.875 -4.012 1.037 20
8.741 -4.489 1.841 20
11.33 -4.521 2.575 20
13.929 -4.486 3.062 20
17.825 -6.636 2.789 20
19.665 -8.675 2.855 21
19.665 -10.505 3.41 20
19.665 -10.364 3.348 20
19.665 -8.661 2.601 20
19.665 -7.608 1.786 20
19.452 -8.81 1.048 20
17.369 -9.039 0.541 20
16.647 -8.669 1.353 21
16.578 -7.123 3.154 20
15.565 -5.554 4.164 20
13.246 -5.92 3.446 20
10.557 -7.301 2.211 20
8.226 -7.268 0.43 20
7.768 -6.962 -0.589 20
8.218 -6.339 -0.727 21
8.631 -6.969 -1.115 20
7.563 -8.295 -1.813 20
5.543 -8.648 -2.567 20
4.632 -7.933 -2.807 20
5.919 -7.399 -2.414 20
7.319 -7.511 -1.784 20
6.99 -7.724 -1.267 21
5.603 -8.198 -0.835 20
4.569 -7.83 -0.458 20
5.104 -7.618 0.072 20
5.57 -7.76 0.407 20
5.382 -8.12 0.543 20
4.857 -8.701 0.194 20
4.612 -8.967 -0.101 21
4.628 -8.608 0.102 20
5.015 -8.64 0.665 20
5.151 -9.25 1.173 20
5.191 -9.528 1.378 20
4.984 -8.896 1.16 20
4.777 -8.369 0.578 20
5.459 -7.867 0.63 21
5.947 -7.397 0.694 20
5.722 -7.54 0.804 20
5.045 -8.129 1.115 20
4.353 -8.356 1.282 20
4.173 -8.275 1.656 20
4.595 -8.481 1.673 20
4.509 -8.449 2.029 21
4.276 -8.384 2.088 20
4.515 -8.156 1.974 20
4.85 -8.143 1.933 20
4.82 -7.873 2.171 20
4.548 -7.811 2.051 20
4.259 -8.033 1.906 20
4.028 -8.218 1.979 21
3.74 -8.596 2.321 20
3.221 -9.017 2.643 20
2.962 -9.036 2.909 20
3.204 -8.715 3.08 20
3.503 -8.395 2.857 20
3.544 -8.53 3.008 20
3.294 -8.717 3.118 21
3.153 -8.765 3.19 20
3.242 -8.745 3.143 20
3.627 -8.748 3.02 20
3.717 -8.496 2.717 20
3.329 -8.565 2.214 20
2.917 -8.669 2.154 20
2.827 -8.771 2.158 21
3.288 -8.711 2.073 20
3.575 -8.455 2.282 20
3.611 -8.345 2.059 20
3.745 -8.486 2.108 20
3.433 -8.766 2.193 20
3.493 -8.832 2.546 20
3.703 -8.844 2.778 21
3.617 -8.888 3.247 20
3.528 -9.045 3.606 20
3.621 -9.177 3.374 20
3.285 -8.877 2.955 20
3.494 -8.599 2.678 20
3.597 -8.496 2.652 20
3.543 -8.7 2.843 21
3.624 -8.654 3.041 20
3.686 -8.381 2.745 20
3.628 -8.109 2.447 20
3.573 -8.387 2.186 20
3.545 -8.95 2.231 20
3.458 -9.021 2.521 20
3.559 -8.829 2.929 21
3.583 -8.775 2.955 20
3.634 -8.741 2.793 20
3.724 -8.985 2.774 20
3.893 -8.764 2.954 20
4.231 -8.575 2.804 20
4.321 -8.536 2.202 20
3.748 -8.644 1.816 21
3.148 -8.924 2.317 20
3.298 -9.037 2.815 20
3.77 -8.503 3.174 20
4.065 -8.351 3.072 20
3.779 -8.354 2.648 20
3.406 -8.643 2.218 20
3.45 -8.828 2.105 20
3.842 -8.713 2.549 21
4.066 -8.642 3.025 20
3.927 -8.49 2.901 20
3.976 -8.632 2.731 20
3.923 -8.83 2.552 20
3.788 -8.742 2.609 20
3.667 -8.518 2.675 20
3.764 -8.337 2.998 21
3.774 -8.386 2.682 20
3.994 -8.579 2.415 20
3.923 -8.898 2.598 20
3.641 -8.984 2.712 20
3.69 -8.665 2.894 20
3.687 -8.456 2.777 20
3.859 -8.523 2.621 21
3.94 -8.607 2.72 20
3.714 -8.645 2.95 20
3.712 -8.614 3.286 20
3.75 -8.718 3.015 20
3.963 -8.683 2.337 20
4.154 -8.505 1.694 20
3.854 -8.424 1.664 21
3.478 -8.765 1.913 20
3.665 -8.788 2.41 20
3.976 -8.596 2.62 20
4.063 -8.46 2.828 20
3.962 -8.555 2.937 20
3.671 -8.775 3.048 20
3.716 -8.938 2.691 21
3.876 -8.531 2.639 20
3.885 -8.273 2.281 20
3.673 -8.435 2.297 20
3.711 -8.812 2.571 20
3.758 -8.859 2.827 20
3.859 -8.574 2.641 20
3.88 -8.452 2.347 21
3.911 -8.645 2.22 20
3.87 -8.571 2.332 20
3.935 -8.575 2.465 20
3.857 -8.627 2.408 20
3.848 -8.61 2.439 20
3.883 -8.595 2.596 20
3.692 -8.642 2.514 21
3.747 -8.684 2.318 20
3.856 -8.494 2.455 20
3.873 -8.4 2.572 20
3.845 -8.631 2.564 20
3.795 -8.647 2.723 20
3.802 -8.677 2.597 20
3.988 -8.709 2.56 21
3.978 -8.689 2.369 20
3.83 -8.7 2.164 20
3.608 -8.734 2.238 20
3.652 -8.694 2.504 20
3.718 -8.742 2.572 20
4.013 -8.628 2.448 20
3.936 -8.431 2.43 21
3.833 -8.52 2.416 20
3.766 -8.622 2.348 20
3.853 -8.793 2.43 20
3.93 -8.662 2.382 20
3.863 -8.446 2.553 20
3.996 -8.4 2.582 20
4.057 -8.583 2.497 21
4.035 -8.549 2.443 20
3.896 -8.505 2.221 20
3.964 -8.459 2.38 20
4.098 -8.532 2.597 20
# end
#Tue Apr 07 10:52:22 MST 2015