# Accelerometer Values
# filename:  fistbump__3.txt
# Saving start time: Tue Apr 07 10:52:26 MST 2015

# sensor resolution: 0.039230347m/s^2
#Sensorvendor: Invensense Inc., name: Invensense Accelerometer, type: 1,version : 4, range 19.613297

# X value, Y value, Z value, time diff in ms
4.551 -8.489 2.041 20
4.547 -8.488 2.223 21
4.515 -8.321 2.611 20
4.368 -8.271 2.689 20
4.29 -8.244 2.524 20
4.346 -8.293 2.625 20
4.593 -8.269 2.846 20
4.661 -8.182 2.862 20
4.479 -8.012 2.885 21
4.553 -7.954 2.864 20
4.786 -8.417 2.626 20
4.315 -8.216 2.404 20
4.607 -8.132 2.687 20
4.909 -7.879 2.768 20
5.047 -7.858 2.766 20
5.033 -7.946 2.428 21
4.793 -7.893 1.958 20
4.814 -7.899 1.801 20
4.644 -7.846 1.949 20
4.564 -7.961 2.369 20
4.907 -8.569 2.83 20
4.977 -8.893 2.877 20
4.846 -8.54 2.601 21
4.84 -8.084 2.336 20
4.782 -7.723 2.013 20
5.035 -7.652 1.671 20
4.997 -7.815 1.549 20
4.934 -7.892 1.4 20
4.919 -7.766 1.532 20
5.238 -7.812 1.764 21
5.539 -7.892 1.874 20
5.57 -7.604 1.819 20
5.691 -7.447 1.512 20
5.628 -7.534 1.583 20
5.752 -7.844 1.553 20
5.81 -7.979 1.597 20
5.82 -7.815 1.646 21
5.862 -7.67 1.659 20
6.206 -7.72 1.737 20
6.43 -7.602 1.82 20
6.497 -7.97 1.638 20
6.106 -8.399 1.194 20
6.077 -7.878 1.426 20
6.312 -7.496 1.438 21
6.565 -7.184 1.534 20
6.862 -7.666 1.222 20
6.743 -7.83 0.855 20
6.302 -7.472 0.5 20
5.934 -7.231 0.52 20
5.885 -7.019 0.627 20
6.152 -7.236 0.559 21
6.36 -7.625 0.582 20
6.053 -7.398 0.52 20
6.06 -7.196 0.509 20
6.087 -7.023 0.491 20
6.341 -7.151 0.545 20
6.836 -7.324 0.537 20
6.79 -7.414 0.428 21
6.56 -7.335 0.506 20
6.362 -7.107 0.643 20
6.302 -6.943 0.601 20
6.454 -7.021 0.565 20
6.913 -7.256 0.535 20
6.99 -7.569 0.433 20
6.91 -7.486 0.403 21
6.819 -7.527 0.455 20
6.868 -7.311 0.68 20
7.037 -7.121 0.921 20
7.458 -7.119 1.019 20
8.168 -7.223 1.324 20
8.848 -7.344 1.767 20
9.134 -7.335 2.187 21
9.843 -6.547 2.626 20
11.868 -5.354 2.703 20
13.883 -5.133 2.955 20
15.475 -6.509 4.926 20
17.127 -7.753 7.997 20
18.36 -8.53 8.633 20
19.483 -7.991 8.055 21
19.665 -7.405 7.393 20
19.665 -7.133 7.474 20
19.665 -5.888 8.845 20
19.506 -4.122 10.353 20
19.494 -2.101 10.942 20
19.618 -0.739 11.302 20
17.663 -1.006 10.777 21
14.238 -1.476 9.84 20
10.084 -2.955 8.465 20
6.768 -4.492 6.994 20
3.915 -4.744 5.143 20
1.116 -4.728 3.246 20
-2.487 -4.865 1.979 20
-5.848 -4.105 1.498 21
-7.392 -3.602 1.61 20
-8.642 -3.029 1.222 20
-10.378 -1.918 -1.079 20
-13.078 -0.646 -3.71 20
-14.322 -0.817 -4.557 20
-13.263 -1.945 -3.585 20
-11.321 -2.473 -2.651 21
-9.346 -3.394 -2.731 20
-7.358 -3.758 -4.513 20
-5.262 -5.615 -6.02 20
-2.537 -7.478 -5.13 20
2.786 -11.416 -1.621 20
12.715 -17.706 0.138 20
19.107 -19.407 0.772 20
19.665 -19.338 -1.276 21
19.665 -4.714 -6.292 20
17.884 1.643 -14.942 20
9.864 -5.256 -19.676 20
0.551 -8.116 -19.847 20
-2.363 -6.648 -18.215 20
0.545 -9.301 -11.053 20
2.73 -10.875 -4.069 21
2.828 -7.852 -1.018 20
2.184 -5.351 -1.643 20
0.731 -4.954 -4.186 20
-0.138 -5.257 -6.518 20
0.395 -5.089 -8.036 20
1.375 -5.319 -8.681 20
1.528 -5.989 -8.694 21
2.2 -5.48 -8.791 20
2.454 -4.783 -8.891 20
2.518 -5.104 -9.016 20
2.235 -5.942 -8.999 20
1.969 -5.794 -8.299 20
2.472 -5.159 -7.349 20
3.515 -4.978 -6.88 21
3.73 -5.454 -7.564 20
3.458 -6.048 -8.417 20
3.251 -6.228 -8.994 20
3.234 -5.733 -8.91 20
3.999 -5.522 -8.209 20
5.14 -5.752 -7.655 20
5.798 -6.399 -7.182 21
5.365 -6.044 -6.729 20
5.166 -5.622 -6.669 20
5.318 -5.481 -6.462 20
5.192 -5.527 -5.884 20
4.355 -5.43 -5.128 20
3.388 -5.104 -4.246 20
2.481 -4.534 -3.896 21
2.314 -4.235 -3.775 20
3.065 -2.954 -3.716 20
3.689 -0.27 -3.393 20
2.679 2.245 -2.943 20
-0.479 3.853 -2.564 20
-4.684 4.811 -2.661 20
-8.054 5.241 -4.033 21
-7.574 5.775 -4.433 20
-4.533 6.821 -4.337 20
0.61 7.102 -3.736 20
5.026 6.749 -3.452 20
6.061 6.345 -4.234 20
5.342 5.703 -5.033 20
5.887 4.895 -5.521 21
7.178 4.282 -5.921 20
8.474 3.044 -5.647 20
9.381 1.816 -4.473 20
10.64 -0.624 -3.574 20
13.507 -2.243 -3.564 20
15.706 -1.662 -4.041 20
14.488 -1.959 -3.555 21
12.662 -3.721 -2.394 20
12.234 -6.376 -1.922 20
13.112 -8.488 -1.553 20
13.972 -8.189 -1.347 20
14.043 -6.849 -1.005 20
13.361 -7.816 -0.764 20
13.182 -10.216 -0.576 21
12.936 -12.258 -0.794 20
12.279 -14.295 -1.113 20
10.869 -14.249 -0.545 20
8.564 -11.264 0.205 20
8.243 -9.454 -0.356 20
9.375 -8.195 0.176 20
8.828 -7.327 0.116 21
7.06 -7.43 -0.983 20
5.632 -8.735 -2.875 20
4.214 -9.538 -3.843 20
3.234 -9.662 -4.151 20
3.234 -9.633 -3.732 20
4.042 -9.449 -3.132 20
4.423 -8.825 -2.591 21
3.731 -8.538 -2.182 20
2.99 -8.756 -2.008 20
3.15 -9.407 -1.507 20
4.383 -9.847 -0.655 20
5.143 -9.453 0.034 20
4.763 -8.725 0.775 20
3.773 -9.305 0.594 21
2.909 -10.024 0.565 20
3.443 -10.452 0.732 20
4.143 -9.962 1.308 20
4.359 -8.895 1.789 20
4.445 -8.671 1.597 20
4.453 -9.144 1.252 20
3.977 -9.071 0.595 21
3.548 -7.986 0.947 20
3.675 -7.775 1.192 20
3.662 -8.05 1.422 20
3.19 -8.348 1.636 20
2.564 -8.288 1.772 20
3.194 -8.237 1.587 20
4.012 -7.941 2.114 21
4.283 -7.482 2.571 20
4.059 -7.756 2.752 20
3.532 -8.355 2.634 20
3.452 -8.724 2.531 20
3.663 -8.453 2.54 20
4.15 -8.082 2.567 20
4.516 -7.776 2.315 21
4.618 -8.198 2.024 20
4.295 -9.112 2.017 20
4.04 -9.049 2.295 20
3.605 -8.913 2.648 20
3.367 -8.837 2.878 20
3.247 -8.793 2.85 20
2.919 -8.993 2.801 20
2.916 -9.365 2.767 21
3.317 -9.337 2.977 20
3.898 -8.731 2.906 20
4.125 -8.016 2.39 20
4.074 -7.985 2.022 20
3.965 -8.396 2.052 20
3.382 -8.855 2.343 20
3.191 -8.957 2.766 21
3.367 -9.0 2.628 20
3.468 -8.988 2.277 20
3.692 -8.705 2.189 20
4.075 -8.566 2.101 20
3.981 -8.533 2.404 20
3.818 -8.691 2.488 20
3.762 -8.797 2.658 21
3.704 -8.642 2.716 20
3.733 -8.382 2.589 20
3.886 -8.484 2.417 20
3.97 -8.703 2.155 20
3.781 -8.545 1.797 20
3.522 -8.742 1.857 20
3.422 -8.69 2.332 21
3.439 -8.828 2.601 20
3.538 -8.949 2.486 20
3.693 -8.838 2.449 20
3.818 -8.619 2.587 20
3.835 -8.479 2.478 20
3.67 -8.569 2.466 20
3.653 -8.769 2.179 21
3.659 -8.664 2.223 20
3.593 -8.536 2.438 20
3.61 -8.526 2.689 20
3.976 -8.841 2.668 20
3.944 -8.906 2.413 20
3.785 -8.858 2.207 20
3.659 -8.908 2.198 21
3.532 -8.802 2.488 20
3.533 -8.803 2.57 20
3.668 -8.681 2.494 20
3.734 -8.671 2.306 20
3.557 -8.616 2.533 20
3.667 -8.376 2.556 20
3.799 -8.647 2.522 21
3.746 -8.802 2.547 20
3.712 -8.824 2.507 20
3.722 -8.675 2.308 20
3.69 -8.611 2.107 20
3.879 -8.754 2.328 20
3.873 -8.725 2.561 20
3.807 -8.693 2.528 21
3.725 -8.644 2.327 20
3.668 -8.616 2.257 20
3.61 -8.651 2.203 20
3.715 -8.76 2.264 20
3.852 -8.715 2.569 20
3.889 -8.732 2.745 20
3.768 -8.665 2.613 21
3.656 -8.624 2.37 20
3.716 -8.596 2.322 20
3.691 -8.636 2.463 20
3.642 -8.718 2.62 20
3.695 -8.729 2.555 20
3.796 -8.623 2.473 20
3.617 -8.706 2.546 21
3.558 -8.756 2.63 20
3.698 -8.734 2.694 20
3.858 -8.767 2.541 20
3.992 -8.582 1.92 20
3.945 -8.733 1.907 20
3.669 -8.706 1.871 20
3.491 -8.909 1.948 21
3.897 -8.756 2.329 20
4.043 -8.599 2.661 20
3.917 -8.54 2.764 20
3.726 -8.641 2.678 20
3.61 -8.81 2.454 20
3.671 -8.734 2.449 20
3.669 -8.468 2.337 21
3.867 -8.874 2.299 20
3.941 -8.879 2.291 20
3.952 -8.808 2.206 20
3.864 -8.753 2.128 20
3.859 -8.771 2.099 20
3.787 -8.653 2.135 20
3.668 -8.557 2.474 21
3.541 -8.55 2.496 20
3.603 -8.707 2.505 20
3.765 -8.705 2.495 20
3.913 -8.629 2.557 20
3.69 -8.618 2.632 20
3.563 -8.556 2.245 20
3.746 -8.711 2.028 21
3.928 -8.789 2.058 20
3.994 -8.708 2.166 20
3.96 -8.609 2.277 20
3.834 -8.61 2.44 20
3.688 -8.846 2.534 20
3.795 -8.617 2.473 20
4.045 -8.437 2.424 21
3.953 -8.655 2.355 20
3.789 -8.764 2.552 20
3.725 -8.761 2.618 20
3.685 -8.801 2.498 20
3.677 -8.524 2.306 20
3.667 -8.575 2.344 20
3.684 -8.632 2.318 21
3.714 -8.745 2.473 20
3.746 -8.852 2.539 20
3.783 -8.764 2.405 20
3.952 -8.645 2.25 20
3.72 -8.664 2.298 20
3.539 -8.74 2.19 20
3.662 -8.701 2.015 20
3.886 -8.817 1.863 21
3.973 -8.78 1.821 20
4.025 -8.723 1.888 20
3.969 -8.802 2.182 20
3.934 -8.821 2.373 20
3.911 -8.814 2.877 20
3.983 -8.527 2.909 20
3.958 -8.494 2.825 21
3.919 -8.613 2.715 20
3.849 -8.596 2.636 20
# end
#Tue Apr 07 10:52:33 MST 2015