# Accelerometer Values
# filename:  handshake__2.txt
# Saving start time: Tue Apr 07 10:48:07 PDT 2015

# sensor resolution: 0.039230347m/s^2
#Sensorvendor: Invensense Inc., name: Invensense Accelerometer, type: 1,version : 4, range 19.613297

# X value, Y value, Z value, time diff in ms
5.601 -7.485 3.219 20
5.526 -7.439 3.039 20
5.534 -7.286 2.948 20
5.603 -7.158 3.075 21
5.815 -7.144 3.027 20
5.846 -7.135 3.163 20
5.831 -7.2 3.025 20
5.722 -7.296 3.035 20
5.805 -7.392 3.032 20
5.742 -7.338 2.919 20
5.638 -7.18 2.941 21
5.571 -7.259 2.914 20
5.626 -7.388 2.971 20
5.529 -7.362 2.915 20
5.423 -7.263 2.695 20
5.09 -7.283 2.53 20
4.494 -7.362 2.122 20
3.936 -7.389 1.597 21
3.966 -7.185 1.525 20
4.041 -7.539 1.628 20
4.779 -7.772 2.189 20
5.402 -8.318 2.155 20
5.652 -8.382 1.785 20
5.696 -8.087 1.523 20
5.997 -7.819 1.713 21
6.318 -7.785 1.881 20
6.612 -8.085 1.877 20
6.92 -8.061 1.646 20
6.876 -7.689 1.559 20
6.557 -7.442 1.279 20
6.237 -7.336 1.148 20
6.265 -7.584 0.984 21
6.173 -7.868 1.039 20
6.113 -8.156 1.377 20
6.414 -8.25 1.395 20
6.431 -7.956 1.291 20
6.405 -7.633 0.988 20
6.152 -7.534 0.771 20
6.033 -7.755 0.698 21
5.879 -7.954 0.742 20
5.836 -7.853 0.851 20
6.066 -7.827 1.009 20
6.218 -7.876 0.897 20
6.169 -7.883 0.638 20
5.905 -7.818 0.485 20
5.794 -7.849 0.42 21
5.599 -7.932 0.599 20
5.689 -7.983 0.575 20
5.751 -7.845 0.655 20
5.768 -7.849 0.619 20
5.612 -7.954 0.487 20
5.553 -8.108 0.573 20
5.617 -7.868 0.364 21
5.645 -7.748 0.232 20
5.68 -7.766 0.299 20
5.716 -7.889 0.453 20
5.871 -7.953 0.413 20
5.851 -7.986 0.26 20
5.907 -7.833 0.188 20
6.153 -7.71 0.251 21
6.326 -7.434 0.252 20
6.447 -7.31 0.329 20
6.686 -7.572 0.341 20
6.863 -7.456 0.301 20
7.406 -7.103 -0.111 20
8.289 -7.129 0.23 20
9.025 -7.896 0.289 21
10.009 -6.772 1.438 20
10.77 -6.656 1.032 20
11.172 -6.299 0.005 20
11.712 -5.078 -0.673 20
12.641 -4.286 0.211 20
13.802 -4.949 1.481 20
14.76 -6.12 1.793 21
14.966 -6.083 1.596 20
15.314 -6.257 1.838 20
15.56 -6.574 2.011 20
15.645 -6.675 2.059 20
15.568 -7.015 1.858 20
15.499 -7.325 2.054 20
14.662 -6.429 2.244 21
15.24 -4.184 0.217 20
15.345 -3.72 0.08 20
14.959 -3.822 -0.302 20
14.325 -2.816 -0.841 20
13.631 -1.938 -1.932 20
13.056 -2.579 -2.404 20
12.264 -3.921 -1.408 20
12.023 -5.906 -0.592 21
11.786 -5.634 0.565 20
9.712 -6.274 1.89 20
7.272 -6.064 0.495 20
4.716 -5.825 -1.073 20
3.57 -6.965 0.023 20
3.292 -7.822 2.99 20
0.683 -6.476 2.79 21
-2.742 -5.845 -0.228 20
-6.522 -6.725 -1.828 20
-10.964 -8.046 -1.153 20
-12.502 -9.534 -0.245 20
-11.24 -8.267 1.84 20
-10.089 -7.381 3.302 20
-7.615 -8.111 4.65 21
-0.565 -10.748 5.659 20
10.818 -12.684 5.433 20
18.596 -12.615 3.317 20
19.699 -7.487 -0.541 20
19.699 1.146 -4.502 20
19.699 7.841 -3.374 20
19.699 9.194 -1.973 21
19.699 6.59 -0.616 20
19.699 4.63 -5.716 20
18.716 3.86 -8.207 20
15.468 2.675 -6.828 20
13.318 1.489 -4.789 20
12.794 1.224 -4.333 20
13.675 2.456 -4.311 21
13.757 2.464 -4.252 20
12.685 2.08 -3.811 20
12.265 2.698 -3.093 20
12.42 2.561 -1.764 20
11.675 1.029 -1.109 20
10.401 0.058 -1.248 20
9.554 0.432 -2.817 21
8.294 1.679 -4.126 20
6.212 0.37 -4.211 20
3.644 -2.77 -2.447 20
1.636 -5.978 0.374 20
-0.663 -6.224 0.773 20
-2.54 -4.398 0.896 20
-4.439 -3.539 0.462 21
-7.275 -4.347 0.259 20
-11.352 -6.423 -0.671 20
-15.105 -7.696 -0.98 20
-15.397 -7.514 1.693 20
-13.866 -7.926 5.176 20
-13.842 -9.728 5.485 20
-8.861 -13.039 3.606 21
6.193 -16.119 1.934 20
18.462 -18.382 1.287 20
19.699 -15.637 -0.981 20
19.699 -3.012 -4.038 20
19.699 10.121 -0.599 20
19.699 10.832 -0.922 20
19.559 6.274 -3.336 21
18.23 3.443 -2.641 20
15.206 2.514 2.333 20
10.834 -0.864 2.362 20
8.756 -2.196 0.689 20
10.322 0.529 0.85 20
10.349 1.178 0.234 20
9.633 1.318 -0.684 21
9.665 1.625 -0.804 20
8.706 0.928 -1.007 20
7.532 -0.041 -1.133 20
8.189 -0.156 -0.492 20
9.456 0.554 0.716 20
9.599 0.535 1.05 20
8.795 -0.133 0.509 21
8.662 -0.16 0.397 20
9.359 0.613 0.848 20
9.583 1.113 0.868 20
9.31 0.857 0.191 20
9.323 0.65 -0.399 20
10.145 0.845 -0.269 20
10.869 1.145 -0.015 21
10.505 1.088 0.081 20
9.666 0.616 0.054 20
9.138 0.404 -0.042 20
9.48 0.541 0.306 20
10.188 0.744 0.768 20
10.381 0.674 1.156 20
9.236 0.473 0.858 21
8.082 0.339 0.014 20
8.04 0.948 -0.305 20
8.964 1.473 -0.015 20
10.195 1.416 0.332 20
10.615 1.075 0.388 20
10.465 0.89 0.603 20
10.397 0.88 0.398 21
10.524 0.465 0.17 20
10.581 -0.113 0.145 20
10.455 -1.093 -0.196 20
10.41 -2.21 -0.421 20
9.906 -3.31 -0.512 20
8.791 -4.573 -0.352 20
7.257 -5.656 -0.195 21
5.545 -6.355 -0.146 20
3.738 -6.359 -0.286 20
2.3 -5.823 -0.326 20
1.509 -5.007 -0.476 20
1.201 -4.448 0.071 20
1.82 -4.602 0.646 20
3.24 -5.016 1.192 21
5.144 -5.54 1.746 20
7.263 -5.882 1.809 20
10.318 -6.557 0.418 20
14.442 -5.346 -1.21 20
17.074 -3.898 -2.269 20
18.205 -3.907 -2.467 20
18.718 -4.439 -1.943 21
19.203 -3.665 -1.528 20
18.648 -3.206 -1.41 20
17.077 -3.725 -1.403 20
15.118 -3.8 -1.871 20
13.508 -3.719 -2.019 20
12.698 -4.117 -1.214 20
12.054 -4.241 -0.37 20
11.655 -4.584 0.12 21
11.565 -4.694 0.671 20
11.658 -5.005 0.872 20
11.042 -5.375 0.157 20
8.859 -6.083 0.048 20
7.878 -7.166 -0.612 20
7.067 -7.108 -1.56 20
6.514 -6.85 -1.584 21
6.35 -6.694 -1.108 20
7.352 -6.775 -0.958 20
7.893 -7.137 -0.798 20
7.459 -8.057 -0.39 20
6.383 -8.848 0.019 20
5.63 -9.007 -0.032 20
5.078 -9.212 -0.046 21
4.242 -9.543 0.059 20
4.052 -9.502 -0.193 20
4.311 -9.135 0.12 20
4.165 -8.951 0.428 20
3.964 -8.761 0.617 20
3.976 -8.685 0.346 20
4.087 -8.183 0.161 21
4.51 -7.083 0.168 20
4.975 -6.757 0.678 20
5.244 -7.624 1.004 20
5.168 -8.256 0.779 20
5.237 -8.254 0.835 20
5.207 -8.398 0.924 20
5.231 -8.513 1.074 21
5.432 -8.812 1.307 20
5.422 -8.513 1.392 20
5.518 -8.51 1.39 20
5.495 -8.597 1.075 20
5.205 -8.537 0.885 20
4.936 -8.426 0.993 20
4.942 -8.426 1.072 21
4.982 -8.973 1.153 20
4.67 -9.017 1.361 20
4.267 -8.522 1.426 20
4.357 -8.226 1.298 20
4.376 -8.044 1.336 20
4.434 -8.182 1.459 20
4.373 -8.722 1.703 21
4.144 -8.84 1.778 20
4.276 -8.334 1.862 20
4.23 -8.186 1.785 20
4.253 -8.248 1.608 20
4.005 -8.682 1.558 20
3.474 -9.146 1.379 20
3.279 -8.794 1.05 21
3.465 -8.522 1.025 20
4.033 -8.631 1.086 20
3.879 -8.63 1.338 20
3.643 -8.617 1.559 20
3.69 -8.56 1.542 20
3.673 -8.762 1.625 20
3.788 -8.786 2.046 21
3.89 -9.246 2.49 20
3.626 -9.047 2.741 20
3.482 -8.893 2.467 20
3.631 -8.827 2.17 20
3.566 -8.844 1.903 20
3.504 -8.81 1.956 20
3.838 -8.69 2.117 21
3.774 -8.942 2.185 20
3.461 -8.801 2.184 20
3.217 -8.798 2.025 20
3.187 -8.907 1.869 20
3.149 -8.807 1.689 20
3.255 -8.833 1.848 20
3.262 -9.043 2.119 21
3.384 -8.951 2.03 20
3.65 -8.774 2.218 20
3.716 -8.851 2.224 20
3.502 -9.012 1.991 20
3.403 -8.95 1.965 20
3.25 -8.911 2.18 20
3.37 -8.877 2.503 21
4.07 -8.611 1.267 20
3.741 -9.15 1.885 20
3.13 -8.91 1.54 20
2.835 -9.181 1.854 20
3.114 -9.308 2.289 20
3.688 -9.227 2.722 20
3.784 -8.781 3.067 21
3.44 -8.653 2.849 20
3.028 -8.615 2.528 20
3.04 -8.723 2.002 20
3.258 -8.779 2.111 20
3.511 -8.718 2.282 20
3.689 -8.765 2.32 20
3.661 -8.966 2.454 21
3.286 -9.111 2.547 20
3.122 -9.073 2.769 20
3.259 -8.844 2.509 20
3.208 -8.687 2.25 20
3.117 -8.795 2.298 20
3.003 -8.951 2.289 20
3.245 -9.01 2.161 21
3.696 -8.94 2.281 20
3.335 -8.949 2.612 20
3.04 -8.837 2.895 20
2.953 -9.065 2.716 20
3.07 -9.047 2.121 20
3.285 -8.713 1.799 20
3.082 -8.897 1.863 21
3.216 -8.867 2.443 20
3.371 -8.996 2.905 20
3.229 -9.127 2.771 20
3.105 -9.158 2.493 20
3.298 -8.885 2.357 20
3.417 -8.897 2.302 20
3.534 -8.972 2.869 20
3.631 -8.825 2.646 21
3.437 -8.949 2.29 20
3.081 -9.024 1.972 20
3.024 -8.904 1.852 20
3.005 -8.932 1.967 20
3.213 -8.879 2.102 20
3.289 -8.538 2.264 20
3.288 -8.796 2.826 21
3.235 -9.114 3.14 20
3.25 -9.101 2.937 20
3.352 -8.958 2.701 20
3.456 -8.74 2.277 20
3.386 -8.735 2.004 20
3.203 -8.891 1.982 20
3.201 -8.871 2.308 21
3.251 -8.906 2.344 20
3.32 -8.994 2.174 20
3.379 -8.919 2.113 20
3.564 -8.725 2.065 20
3.654 -8.828 2.306 20
3.547 -8.921 2.565 20
3.497 -8.94 2.698 21
3.282 -8.759 2.724 20
3.232 -8.757 2.637 20
3.35 -8.796 2.415 20
3.318 -8.803 2.364 20
3.226 -8.833 2.536 20
3.303 -8.72 2.696 20
3.325 -8.735 2.462 21
3.298 -8.83 2.596 20
3.119 -9.026 2.493 20
3.039 -9.139 2.427 20
3.072 -9.025 2.346 20
3.242 -8.866 2.591 20
3.273 -9.048 2.323 20
3.251 -8.749 2.163 21
3.282 -8.871 2.346 20
3.339 -9.068 2.566 20
3.528 -8.934 2.465 20
3.449 -8.741 2.472 20
3.217 -8.757 2.501 20
3.19 -8.839 2.821 20
3.293 -8.871 2.906 21
3.192 -9.084 2.642 20
3.398 -8.767 2.578 20
3.521 -8.525 2.649 20
3.37 -8.377 1.744 20
3.233 -9.28 1.577 20
3.116 -8.923 1.797 20
3.392 -9.055 2.181 21
3.374 -9.232 2.664 20
3.424 -9.125 2.724 20
3.519 -8.87 2.816 20
3.429 -8.905 2.825 20
3.178 -8.803 2.652 20
3.187 -8.56 2.381 20
3.382 -8.654 2.266 21
# end
#Tue Apr 07 10:48:15 PDT 2015