# Accelerometer Values
# filename:  handshake__1.txt
# Saving start time: Tue Apr 07 10:47:52 PDT 2015

# sensor resolution: 0.039230347m/s^2
#Sensorvendor: Invensense Inc., name: Invensense Accelerometer, type: 1,version : 4, range 19.613297

# X value, Y value, Z value, time diff in ms
6.433 -6.041 3.464 20
6.95 -5.911 3.873 21
7.06 -6.016 3.849 20
6.821 -6.047 3.656 20
6.477 -6.198 3.657 20
6.166 -6.334 3.63 20
6.325 -6.231 3.631 20
6.562 -5.888 3.723 20
6.72 -5.775 3.816 21
6.785 -5.719 3.759 20
6.933 -5.761 3.754 20
6.961 -5.884 3.72 20
6.822 -5.826 3.681 20
6.79 -6.013 3.901 20
7.035 -5.932 4.002 20
6.828 -5.948 3.749 21
6.495 -6.063 3.259 20
6.236 -6.011 2.98 20
6.217 -5.922 2.998 20
6.477 -6.161 2.891 20
7.085 -6.256 3.342 20
7.521 -6.215 3.508 20
7.374 -6.322 3.256 21
7.226 -6.4 3.236 20
7.044 -6.274 3.159 20
7.068 -6.296 3.221 20
7.442 -6.578 3.374 20
7.555 -6.27 3.616 20
7.363 -6.494 3.179 20
6.986 -6.551 3.156 21
6.749 -6.424 3.181 20
6.828 -6.379 3.213 20
6.917 -6.371 3.393 20
6.962 -6.328 3.552 20
6.865 -6.441 3.278 20
6.797 -6.462 3.147 20
6.57 -6.418 2.953 20
6.412 -6.315 2.934 21
6.601 -6.255 3.081 20
6.837 -6.272 3.202 20
6.873 -6.392 3.316 20
6.777 -6.449 2.958 20
6.52 -6.347 2.831 20
6.549 -6.32 2.895 20
6.69 -6.368 2.766 21
6.929 -6.426 2.892 20
6.983 -6.336 2.886 20
6.861 -6.451 2.617 20
6.646 -6.528 2.541 20
6.517 -6.458 2.419 20
6.579 -6.543 2.517 20
6.842 -6.693 2.576 21
7.091 -6.699 2.597 20
7.085 -6.616 2.757 20
7.045 -6.531 2.86 20
6.856 -6.482 2.701 20
6.936 -6.604 2.553 20
6.864 -6.605 2.446 20
6.799 -6.589 2.373 21
6.713 -6.581 2.532 20
6.67 -6.702 2.673 20
6.627 -6.781 2.697 20
6.575 -6.844 2.474 20
6.748 -6.767 2.491 20
6.811 -6.605 2.545 20
6.975 -6.61 2.701 21
7.052 -6.77 2.787 20
6.904 -6.753 2.626 20
6.737 -6.848 2.171 20
6.659 -6.639 2.068 20
6.593 -6.418 2.068 20
6.826 -6.311 2.254 20
7.178 -6.455 2.607 21
7.329 -6.564 2.416 20
7.32 -6.556 2.147 20
7.279 -6.419 2.069 20
7.02 -6.219 2.234 20
7.084 -6.342 2.287 20
6.974 -6.606 2.471 20
6.662 -6.784 2.441 21
6.541 -6.737 2.376 20
6.77 -6.641 2.295 20
7.125 -6.333 2.304 20
7.808 -6.477 2.654 20
8.747 -7.062 3.086 20
9.316 -6.966 3.05 20
8.237 -5.874 2.163 21
7.725 -5.059 2.083 20
9.589 -5.146 1.891 20
10.613 -5.239 1.048 20
11.075 -4.712 0.782 20
12.015 -4.836 0.541 20
12.736 -5.468 -0.22 20
12.597 -4.923 -0.896 21
12.839 -3.318 -1.721 20
13.292 -1.657 -1.008 20
16.391 -2.361 -1.722 20
17.169 -4.111 -1.955 20
16.244 -5.327 -2.207 20
15.359 -5.962 -1.101 20
16.461 -6.615 1.835 21
17.831 -6.522 2.076 20
18.775 -7.079 2.087 20
16.561 -6.815 2.471 20
14.971 -5.867 1.974 20
14.49 -4.783 1.072 20
14.636 -3.37 0.582 20
13.716 -2.709 0.715 21
12.042 -3.479 1.143 20
9.375 -3.272 0.084 20
8.73 -2.62 0.667 20
7.817 -2.984 1.257 20
5.843 -3.75 1.491 20
3.998 -3.404 1.049 20
1.862 -2.957 0.32 21
-0.175 -3.415 0.142 20
-0.117 -3.202 0.821 20
-0.267 -3.162 2.47 20
-1.251 -3.684 2.449 20
-4.41 -4.39 1.764 20
-8.06 -4.516 0.554 20
-8.84 -4.181 0.931 21
-6.904 -4.183 2.274 20
-4.739 -3.653 3.437 20
-3.896 -3.088 3.025 20
-4.171 -3.883 1.024 20
-1.769 -5.898 0.383 20
9.476 -11.018 1.127 20
18.671 -12.123 0.429 21
19.716 -8.588 -3.039 20
19.716 -6.678 -3.269 20
19.716 -4.22 -1.281 20
19.716 -1.79 2.669 20
19.716 0.488 6.184 20
19.716 0.482 4.926 20
19.716 -0.34 -0.191 21
19.716 -0.313 -4.401 20
19.57 -1.137 -4.172 20
18.156 -2.558 -0.793 20
16.746 -4.365 1.457 20
15.692 -4.618 0.213 20
14.75 -2.66 -2.164 20
15.116 0.067 -1.613 21
15.668 -0.157 0.472 20
14.256 -1.359 0.978 20
10.421 -0.925 -0.686 20
7.382 0.014 -0.691 20
5.575 0.083 0.3 20
3.475 -1.353 0.35 20
1.418 -0.436 -0.836 20
-0.733 0.658 -1.905 21
-3.062 1.249 -2.535 20
-4.208 0.046 -1.273 20
-4.906 -1.934 -0.759 20
-5.234 -2.326 -0.624 20
-5.837 -1.963 -1.208 20
-6.69 -2.34 -1.704 20
-7.053 -3.756 -1.635 21
-7.55 -5.585 -0.627 20
-7.731 -7.703 1.156 20
-7.58 -8.836 2.484 20
-6.042 -8.792 1.968 20
-1.502 -10.468 1.366 20
5.974 -13.745 2.402 20
17.137 -15.734 3.751 21
19.716 -14.455 -1.686 20
19.716 -4.454 -4.927 20
19.716 1.06 -1.911 20
19.716 3.884 2.332 20
19.716 7.441 3.292 20
19.716 4.27 1.797 20
15.512 1.243 -0.68 21
11.469 0.323 -1.712 20
11.6 -0.125 0.232 20
12.827 -1.224 2.8 20
12.094 -1.307 3.683 20
11.185 -1.569 2.362 20
10.797 -1.123 1.314 20
9.947 -1.069 1.133 21
9.207 -1.16 1.128 20
8.484 -1.661 1.115 20
8.643 -1.576 1.121 20
8.786 -1.394 1.069 20
8.081 -1.249 0.585 20
7.693 -1.135 0.117 20
8.006 -0.728 -0.519 21
8.667 -0.603 -0.587 20
8.441 -0.442 0.173 20
8.077 -0.88 0.663 20
8.512 -0.913 0.684 20
9.373 -0.381 0.748 20
10.22 0.04 0.941 20
10.199 0.333 0.92 21
10.181 0.07 0.63 20
10.115 -0.214 0.475 20
10.298 -0.122 0.683 20
10.449 -0.022 1.054 20
10.709 -0.003 0.875 20
10.911 0.213 0.477 20
11.424 0.587 0.365 21
11.631 0.511 0.222 20
11.303 0.08 -0.067 20
10.937 -0.508 -0.271 20
11.133 -0.135 -0.002 20
12.095 1.233 0.061 20
13.246 1.484 0.185 20
12.987 0.609 -0.199 21
11.724 -0.445 -0.379 20
9.195 -0.704 0.043 20
6.214 0.705 0.207 20
5.508 2.209 -0.203 20
5.307 2.328 -0.276 20
4.81 1.495 -0.652 20
5.021 0.778 -1.04 21
5.725 0.396 -1.527 20
6.221 0.213 -1.703 20
6.301 -0.022 -1.46 20
6.235 -0.384 -0.997 20
5.477 -1.167 -0.736 20
4.912 -2.574 -0.555 20
4.045 -3.503 -0.175 21
3.793 -3.699 0.214 20
3.815 -4.058 0.533 20
4.058 -5.047 0.62 20
5.79 -6.499 0.472 20
8.865 -7.902 0.063 20
11.424 -8.275 -0.362 20
13.754 -6.533 -2.113 21
16.123 -5.01 -4.898 20
18.651 -6.0 -6.569 20
19.716 -6.865 -6.373 20
19.716 -5.684 -3.933 20
19.563 -5.611 -1.091 20
17.038 -6.514 -0.136 20
15.773 -6.942 -0.464 21
15.159 -5.991 -1.492 20
13.193 -4.881 -2.65 20
11.389 -4.16 -2.717 20
9.834 -5.137 -1.941 20
8.98 -5.6 -1.564 20
7.745 -5.682 -1.594 20
6.874 -6.482 -1.447 21
6.463 -7.086 -1.079 20
6.665 -7.42 -0.94 20
7.074 -7.371 -0.678 20
6.643 -7.171 -0.242 20
6.279 -6.886 0.0 20
6.111 -7.084 0.145 20
5.984 -7.399 0.303 21
5.982 -8.008 0.344 20
5.998 -8.302 0.453 20
5.94 -8.367 0.338 20
5.765 -8.474 0.541 20
5.955 -8.446 0.372 20
6.425 -8.017 0.323 20
6.979 -7.468 0.21 21
7.186 -6.976 0.127 20
7.078 -6.745 0.023 20
7.165 -6.881 -0.383 20
7.323 -6.781 -0.833 20
7.181 -6.279 -1.163 20
7.128 -5.974 -0.93 20
7.679 -6.004 -0.573 20
8.494 -6.41 -0.239 21
8.535 -6.466 0.197 20
8.118 -6.77 0.041 20
7.685 -6.786 0.227 20
7.876 -6.545 0.342 20
8.185 -5.837 0.752 20
7.786 -6.434 1.051 20
7.066 -7.856 1.013 21
6.509 -8.093 0.885 20
6.121 -7.347 0.78 20
5.69 -7.048 1.186 20
5.631 -7.131 1.477 20
5.73 -7.425 1.349 20
5.697 -7.716 1.764 20
5.862 -7.26 2.109 21
6.043 -6.881 2.398 20
6.002 -6.881 2.46 20
5.919 -7.099 2.094 20
5.635 -7.24 1.904 20
5.304 -7.366 2.146 20
5.331 -7.458 2.635 20
5.456 -7.497 2.716 21
5.549 -7.793 2.499 20
5.506 -7.743 2.643 20
5.56 -7.554 3.062 20
5.75 -7.687 3.266 20
5.918 -7.942 3.341 20
5.844 -7.819 3.306 20
5.675 -7.713 3.221 21
5.438 -7.636 2.764 20
5.193 -7.586 2.481 20
5.105 -7.256 2.438 20
5.165 -7.081 2.646 20
5.382 -7.202 2.852 20
5.608 -7.505 3.094 20
5.555 -7.571 3.244 21
5.388 -7.58 3.255 20
5.219 -7.493 3.203 20
5.081 -7.479 3.03 20
5.062 -7.777 3.123 20
4.978 -7.998 3.146 20
4.906 -7.92 3.193 20
4.957 -7.81 3.047 21
5.056 -7.754 2.892 20
5.082 -7.775 2.703 20
4.985 -7.782 2.739 20
5.03 -7.72 2.819 20
5.183 -7.914 3.037 20
5.254 -7.952 2.906 20
5.205 -7.856 2.819 21
4.991 -7.691 2.69 20
4.782 -7.79 2.588 20
5.063 -7.947 2.889 20
5.096 -7.986 2.894 20
5.314 -7.79 2.475 20
5.499 -7.648 2.348 20
5.374 -7.503 2.368 21
5.288 -7.686 2.202 20
5.109 -7.77 2.28 20
4.97 -8.0 2.766 20
5.073 -8.183 3.024 20
5.313 -8.02 3.389 20
5.317 -7.872 3.414 20
5.256 -7.731 3.103 21
5.142 -7.694 2.696 20
5.243 -7.663 2.796 20
5.287 -7.58 2.891 20
5.303 -7.588 3.1 20
5.372 -7.76 2.968 20
5.187 -7.68 2.752 20
5.041 -7.557 2.608 21
5.104 -7.687 2.617 20
5.346 -7.908 2.703 20
5.4 -7.847 2.941 20
5.243 -7.949 2.996 20
5.027 -7.91 2.889 20
4.935 -7.864 2.819 20
5.032 -7.786 2.869 21
5.162 -7.744 2.984 20
5.156 -7.735 2.972 20
5.208 -7.704 3.02 20
5.24 -7.83 3.106 20
5.221 -7.776 3.086 20
5.245 -7.733 2.963 20
5.25 -7.621 2.974 21
5.165 -7.626 3.091 20
5.099 -7.845 3.148 20
5.086 -7.848 3.036 20
5.013 -7.878 2.977 20
5.17 -7.719 3.003 20
5.268 -7.669 2.954 20
5.287 -7.683 2.846 21
5.173 -7.713 2.832 20
5.031 -7.583 2.716 20
5.16 -7.545 2.837 20
5.258 -7.59 2.993 20
5.349 -7.722 2.848 20
5.28 -7.83 2.814 20
5.17 -7.765 2.956 21
5.2 -7.701 2.903 20
5.259 -7.843 2.876 20
5.334 -7.783 3.027 20
5.3 -7.834 3.09 20
5.317 -7.744 2.911 20
5.276 -7.64 2.803 20
5.189 -7.583 2.794 21
5.102 -7.655 2.72 20
5.049 -7.755 2.859 20
5.164 -7.829 3.046 20
5.242 -7.917 2.943 20
5.2 -7.816 2.794 20
5.244 -7.71 2.82 20
5.206 -7.833 2.898 20
5.241 -7.917 2.893 21
5.206 -7.807 2.964 20
5.215 -7.603 3.05 20
5.257 -7.711 3.079 20
5.244 -7.735 3.065 20
5.15 -7.686 3.1 20
5.056 -7.751 3.114 20
4.934 -7.818 2.67 21
4.998 -8.042 2.523 20
5.156 -7.715 2.565 20
5.309 -7.796 2.658 20
5.418 -7.833 2.754 20
5.289 -7.881 2.834 20
5.134 -7.818 2.865 20
5.024 -7.716 2.761 21
5.071 -7.686 2.739 20
5.117 -7.642 2.758 20
# end
#Tue Apr 07 10:48:00 PDT 2015