# Accelerometer Values
# filename:  hifive.txt
# Saving start time: Mon Apr 06 22:36:38 PDT 2015

# sensor resolution: 0.039230347m/s^2
#Sensorvendor: Invensense Inc., name: Invensense Accelerometer, type: 1,version : 4, range 19.613297

# X value, Y value, Z value, time diff in ms
3.889 -8.953 0.943 20
3.966 -8.867 0.828 21
4.069 -8.922 0.66 20
3.978 -8.938 0.676 20
3.957 -9.042 0.734 20
4.032 -8.911 0.791 20
4.124 -8.82 0.816 20
4.16 -8.915 0.74 20
4.19 -8.928 0.709 21
4.103 -8.847 0.573 20
4.134 -8.774 0.542 20
4.152 -8.815 0.838 20
4.132 -8.799 0.882 20
4.146 -8.805 0.862 20
4.121 -8.87 0.899 20
4.081 -8.894 0.852 21
3.974 -8.831 0.79 20
3.87 -8.947 0.742 20
4.037 -8.963 0.94 20
4.069 -8.924 0.963 20
4.143 -8.88 0.957 20
4.181 -8.918 1.102 20
4.198 -8.878 0.832 21
4.202 -8.737 0.945 20
4.164 -8.824 0.919 20
4.14 -8.86 0.894 20
4.069 -8.765 0.842 20
3.958 -8.837 0.753 20
3.947 -8.72 0.657 20
3.87 -8.869 0.78 21
3.946 -8.887 0.803 20
3.915 -8.876 0.833 20
3.957 -8.96 0.815 20
3.991 -8.947 0.736 20
4.046 -8.872 0.846 20
4.116 -8.751 1.042 20
4.253 -8.794 1.093 21
4.17 -8.916 0.997 20
4.155 -8.961 0.993 20
4.202 -8.865 0.964 20
4.257 -8.843 1.097 20
4.392 -8.769 1.162 20
4.501 -8.599 0.941 20
4.328 -8.686 1.018 21
4.341 -8.774 0.895 20
4.283 -8.823 0.789 20
4.27 -8.769 0.693 20
4.393 -8.703 0.857 20
4.396 -8.761 0.765 20
4.319 -8.838 0.711 20
4.425 -8.737 0.758 21
4.443 -8.721 0.763 20
4.505 -8.763 0.841 20
4.654 -8.86 0.891 20
4.631 -8.836 0.891 20
4.672 -8.76 0.923 20
4.707 -8.71 0.968 20
4.729 -8.785 0.933 21
4.735 -8.79 1.05 20
4.878 -8.723 1.236 20
4.981 -8.748 1.263 20
5.19 -8.727 1.41 20
5.425 -8.703 1.612 20
5.835 -8.82 1.449 20
6.299 -8.646 1.579 21
6.745 -8.614 1.921 20
7.136 -8.775 2.105 20
7.634 -9.419 2.072 20
7.731 -8.868 1.73 20
8.204 -8.336 1.645 20
8.39 -7.897 1.99 20
8.644 -8.305 2.122 21
8.216 -8.744 1.778 20
8.437 -8.285 1.198 20
8.779 -7.848 1.363 20
9.476 -7.394 1.496 20
9.896 -7.31 1.675 20
10.598 -7.345 1.855 20
10.983 -7.119 2.099 21
11.444 -6.498 1.81 20
11.686 -5.951 1.229 20
11.383 -6.022 1.195 20
11.807 -5.788 1.18 20
12.354 -5.329 1.562 20
12.762 -4.595 1.945 20
13.011 -3.908 2.04 21
13.449 -3.17 1.734 20
13.656 -2.104 1.182 20
12.904 -0.86 0.769 20
12.077 -0.136 0.76 20
12.682 0.064 0.287 20
14.433 0.969 0.259 20
14.303 2.334 0.829 21
13.096 2.752 0.633 20
11.32 2.65 -0.099 20
9.582 2.784 -0.949 20
7.73 3.944 -0.819 20
5.851 4.449 -0.353 20
4.545 4.418 0.436 20
3.78 4.785 0.924 21
2.861 5.569 1.221 20
1.761 5.888 0.787 20
0.69 6.379 1.313 20
-0.055 6.681 2.446 20
-0.77 6.165 3.325 20
-1.255 5.184 3.457 20
-0.898 4.986 3.69 21
-0.811 4.876 4.307 20
-0.817 4.591 5.417 20
-1.082 4.212 6.38 20
-1.927 4.112 6.995 20
-2.666 4.228 7.725 20
-2.968 4.407 8.518 20
-3.279 4.62 9.31 21
-3.619 4.823 9.796 20
-3.719 4.71 9.754 20
-4.061 5.068 9.831 20
-4.242 5.904 10.397 20
-4.182 6.394 10.393 20
-4.664 6.056 9.135 20
-5.203 5.778 7.562 20
-5.137 6.775 7.474 21
-4.254 6.425 6.796 20
-4.009 4.907 5.281 20
-4.248 3.121 3.836 20
-3.486 0.156 0.665 20
-2.386 -1.866 -5.34 20
-3.272 -1.247 -13.871 20
-3.149 2.385 -16.858 21
-3.218 11.279 -11.51 20
-1.655 19.797 -9.773 20
-0.269 14.514 -11.109 20
-4.793 7.379 -4.691 20
-5.476 3.024 1.391 20
-4.386 4.504 5.922 20
-4.478 8.14 4.355 21
-5.217 8.556 0.026 20
-6.142 8.539 -2.187 20
-6.333 9.008 -2.33 20
-6.008 9.026 -1.32 20
-5.385 8.685 0.21 20
-4.826 8.542 0.476 20
-4.605 8.15 0.332 21
-4.67 8.336 0.521 20
-4.727 8.634 0.34 20
-4.523 8.478 -0.081 20
-4.951 8.103 -0.295 20
-5.405 7.908 -0.363 20
-5.285 7.916 0.363 20
-4.928 7.958 0.887 21
-4.678 8.253 0.868 20
-4.521 8.385 0.422 20
-4.572 8.332 -0.17 20
-4.626 8.548 -0.309 20
-5.056 8.665 0.036 20
-5.161 8.837 0.052 20
-5.041 8.807 -0.129 21
-4.894 8.762 -0.145 20
-4.848 8.802 -0.151 20
-4.862 8.642 -0.092 20
-4.611 8.455 -0.158 20
-4.538 8.532 0.094 20
-4.675 8.582 0.05 20
-4.718 8.666 -0.446 21
-4.751 8.594 -0.699 20
-4.642 8.427 -0.498 20
-4.497 8.133 -0.14 20
-4.703 7.996 0.051 20
-4.776 8.01 -0.318 20
-4.587 7.833 -0.827 20
-4.562 8.028 -0.612 21
-4.711 8.25 0.074 20
-4.4 8.144 0.118 20
-4.16 7.719 -0.165 20
-3.835 7.863 -0.036 20
-3.657 8.14 -0.157 20
-2.988 8.227 -0.553 20
-2.446 8.159 -0.734 21
-2.058 8.352 -1.233 20
-1.875 8.378 -1.69 20
-1.842 8.073 -2.305 20
-1.221 7.445 -1.977 20
-0.842 7.398 -0.948 20
-0.678 7.362 -0.589 20
-0.281 6.99 -1.523 21
0.2 7.033 -2.193 20
0.002 7.519 -2.19 20
-0.348 7.328 -1.641 20
0.258 6.763 -1.79 20
0.528 7.157 -2.239 20
0.81 7.461 -1.88 20
0.859 7.207 -1.224 21
0.509 6.985 -1.439 20
0.4 7.337 -2.044 20
0.846 7.191 -2.493 20
1.612 6.565 -2.564 20
2.065 6.807 -2.982 20
1.789 7.917 -3.135 20
1.84 8.177 -3.119 21
2.105 7.805 -3.67 20
2.679 7.389 -4.667 20
2.672 8.145 -3.962 20
2.278 8.947 -3.39 20
2.33 8.725 -3.566 20
2.693 7.901 -4.986 20
3.035 7.395 -6.062 21
4.286 8.14 -5.994 20
5.356 8.866 -5.62 20
5.767 8.086 -4.479 20
5.986 6.5 -3.944 20
6.421 5.578 -4.793 20
6.755 4.734 -5.794 20
7.66 4.052 -5.481 21
8.676 4.158 -4.006 20
9.4 5.159 -2.26 20
8.212 4.492 -3.161 20
8.705 3.047 -3.843 20
9.091 3.241 -3.706 20
8.482 4.417 -2.857 20
7.59 5.249 -2.302 21
7.473 3.75 -2.653 20
8.678 1.512 -3.439 20
9.174 1.065 -3.538 20
9.704 1.482 -2.956 20
9.842 1.273 -2.593 20
10.745 0.143 -2.862 20
11.563 -0.477 -3.069 21
12.153 -0.731 -2.987 20
12.606 -0.81 -2.554 20
12.887 -0.822 -2.263 20
12.059 -0.919 -2.229 20
11.159 -1.681 -2.29 20
11.481 -3.111 -2.557 20
11.947 -3.997 -2.85 21
11.77 -3.749 -2.31 20
10.743 -3.183 -1.673 20
9.447 -3.209 -1.315 20
9.038 -4.383 -2.1 20
9.347 -5.469 -2.624 20
9.204 -5.938 -2.377 20
8.774 -5.938 -2.206 20
9.049 -6.701 -2.054 21
9.646 -7.872 -1.915 20
10.212 -8.396 -1.754 20
10.982 -8.343 -1.546 20
10.773 -7.801 -0.803 20
10.156 -7.418 -0.584 20
9.674 -7.405 -1.231 20
8.842 -7.655 -1.902 21
7.744 -7.641 -2.628 20
7.068 -7.236 -3.02 20
6.852 -6.851 -3.207 20
5.818 -6.948 -3.336 20
5.347 -7.29 -3.459 20
5.112 -7.804 -3.378 20
5.204 -7.997 -2.654 21
5.163 -8.089 -1.769 20
5.182 -8.289 -1.282 20
5.502 -8.528 -1.122 20
5.37 -8.553 -0.993 20
5.118 -8.727 -0.797 20
5.176 -8.594 -0.599 20
5.093 -8.105 -0.479 21
5.151 -7.968 -0.461 20
5.565 -8.04 -0.574 20
5.901 -8.185 -0.565 20
5.774 -8.251 -0.257 20
5.311 -8.109 -0.019 20
5.012 -8.188 -0.23 20
5.318 -8.451 -0.408 21
5.183 -8.583 -0.31 20
4.673 -8.733 -0.272 20
4.368 -9.132 0.064 20
4.186 -8.805 0.089 20
4.493 -8.379 -0.257 20
4.539 -8.173 -0.338 20
4.29 -8.184 -0.279 21
4.157 -8.318 -0.253 20
4.333 -8.374 -0.442 20
4.394 -8.531 -0.186 20
4.255 -8.583 0.103 20
4.331 -8.776 0.327 20
4.563 -8.965 0.516 20
4.581 -8.949 0.412 21
4.546 -8.77 0.333 20
4.742 -8.704 0.069 20
4.794 -8.608 0.334 20
4.709 -8.687 0.535 20
4.66 -8.86 0.726 20
4.427 -9.018 1.007 20
4.428 -8.876 0.993 21
4.515 -8.684 0.856 20
4.333 -8.579 0.676 20
4.289 -8.713 0.693 20
4.292 -8.82 0.66 20
4.162 -9.014 0.627 20
3.885 -8.913 0.648 20
3.791 -8.844 0.484 21
3.916 -8.806 0.259 20
4.055 -8.931 0.327 20
4.087 -9.066 0.61 20
3.92 -9.118 0.815 20
4.039 -9.06 0.862 20
3.998 -8.865 0.805 20
4.152 -8.832 0.585 21
4.044 -8.924 0.551 20
4.023 -8.838 0.485 20
4.079 -8.868 0.883 20
4.109 -8.909 0.874 20
4.149 -8.964 0.9 20
4.104 -9.009 0.779 20
3.986 -8.891 0.553 21
3.798 -8.724 0.285 20
3.7 -8.694 0.513 20
3.816 -8.944 0.592 20
3.944 -8.998 0.736 20
3.831 -8.97 0.743 20
3.828 -8.912 0.545 20
3.749 -8.841 0.51 21
3.826 -8.785 0.121 20
3.896 -9.019 0.648 20
3.946 -9.11 0.649 20
3.866 -9.087 0.7 20
3.88 -9.006 0.672 20
3.849 -8.882 0.667 20
3.894 -8.936 0.533 21
3.896 -9.077 0.693 20
3.915 -9.102 0.691 20
3.749 -9.015 0.79 20
3.687 -8.855 0.742 20
3.781 -8.801 0.614 20
3.817 -8.905 0.578 20
3.858 -8.941 0.645 21
3.823 -9.035 0.771 20
3.591 -9.085 0.778 20
3.696 -9.102 0.746 20
3.859 -8.973 0.732 20
3.805 -8.981 0.777 20
3.654 -8.976 0.636 20
3.618 -8.984 0.594 21
3.738 -8.835 0.64 20
3.895 -8.91 0.782 20
3.972 -8.904 0.73 20
3.806 -9.031 0.899 20
3.723 -9.265 0.764 20
3.671 -9.205 0.587 20
3.778 -9.064 0.748 21
3.924 -8.709 0.855 20
3.834 -8.818 0.657 20
3.675 -8.939 0.465 20
3.505 -9.01 0.435 20
3.426 -9.188 0.59 20
3.544 -9.311 0.637 20
3.63 -9.21 0.809 20
3.798 -8.907 0.757 21
3.712 -8.846 0.356 20
3.666 -8.973 0.432 20
3.712 -9.065 0.414 20
3.771 -9.25 0.537 20
3.715 -9.094 0.659 20
3.59 -9.249 0.717 20
3.687 -9.269 0.372 21
3.531 -9.348 0.49 20
3.349 -9.438 0.672 20
3.406 -9.372 0.714 20
3.528 -9.286 0.681 20
3.581 -8.98 0.692 20
3.408 -8.698 0.522 20
3.57 -8.535 0.633 21
3.502 -8.753 0.655 20
3.397 -8.924 0.664 20
3.293 -9.14 0.74 20
3.429 -9.5 0.539 20
3.501 -9.396 0.479 20
3.575 -9.085 0.552 20
3.642 -9.06 0.309 21
3.68 -9.149 0.294 20
3.679 -9.175 0.273 20
3.67 -9.107 0.567 20
3.655 -9.074 0.6 20
3.683 -9.013 0.433 20
3.565 -8.916 0.593 20
3.528 -8.918 0.523 21
3.479 -9.065 0.735 20
3.509 -9.3 0.831 20
3.536 -9.453 0.704 20
3.618 -9.421 0.816 20
3.666 -9.034 0.592 20
3.66 -8.981 0.437 20
3.538 -9.158 0.313 21
3.483 -9.193 0.455 20
3.515 -9.037 0.526 20
3.469 -9.069 0.519 20
3.467 -9.036 0.387 20
3.574 -9.044 0.521 20
3.373 -9.053 0.415 20
3.427 -9.06 0.503 21
3.586 -9.163 0.649 20
3.676 -9.165 0.629 20
3.569 -9.161 0.61 20
3.406 -9.06 0.496 20
3.597 -9.147 0.474 20
3.542 -9.165 0.437 20
3.634 -9.071 0.549 21
3.636 -9.007 0.629 20
3.605 -9.084 0.623 20
3.64 -9.003 0.521 20
3.646 -9.158 0.507 20
3.587 -9.185 0.552 20
3.488 -9.09 0.645 20
3.461 -9.053 0.487 21
3.489 -8.969 0.492 20
3.441 -8.891 0.449 20
3.357 -8.892 0.517 20
3.495 -9.154 0.534 20
3.459 -9.093 0.63 20
3.522 -9.141 0.723 20
3.576 -9.016 0.7 21
3.544 -8.986 0.624 20
3.634 -8.995 0.703 20
3.816 -9.083 0.571 20
3.848 -9.134 0.66 20
3.86 -9.109 0.882 20
3.821 -9.023 0.81 20
3.759 -9.08 0.631 21
3.769 -9.061 0.64 20
3.821 -9.01 0.519 20
3.744 -9.106 0.543 20
3.639 -9.039 0.574 20
3.697 -9.157 0.614 20
3.69 -9.03 0.451 20
3.668 -8.843 0.492 21
3.645 -8.872 0.553 20
3.731 -9.105 0.654 20
3.751 -9.234 0.771 20
3.755 -9.154 0.835 20
3.607 -9.021 0.806 20
3.621 -8.923 0.687 20
3.613 -8.957 0.501 21
3.495 -8.942 0.627 20
3.553 -9.093 0.674 20
3.454 -9.073 0.848 20
3.478 -9.076 0.761 20
3.692 -8.939 0.703 20
3.788 -8.871 0.545 20
3.718 -8.844 0.531 21
3.632 -9.015 0.546 20
3.644 -9.18 0.647 20
3.624 -9.211 0.627 20
3.738 -8.975 0.638 20
3.851 -8.912 0.669 20
3.816 -8.838 0.629 20
3.732 -8.894 0.488 21
3.654 -9.03 0.532 20
3.715 -8.964 0.675 20
3.876 -8.829 0.615 20
3.836 -9.084 0.645 20
3.727 -9.114 0.569 20
3.638 -9.135 0.605 20
3.651 -9.179 0.487 21
3.694 -9.009 0.521 20
3.665 -9.028 0.698 20
3.602 -9.071 0.517 20
3.606 -8.974 0.551 20
3.587 -8.964 0.684 20
3.658 -9.088 0.604 20
3.725 -8.966 0.734 20
3.729 -8.981 0.599 21
3.758 -9.063 0.716 20
3.682 -8.988 0.781 20
3.715 -9.087 0.681 20
3.674 -9.072 0.709 20
3.585 -9.024 0.651 20
3.636 -9.068 0.561 20
3.669 -9.007 0.589 21
3.695 -8.942 0.466 20
3.614 -9.069 0.532 20
3.566 -9.067 0.637 20
3.746 -9.136 0.663 20
3.728 -9.058 0.813 20
3.646 -9.089 0.74 20
3.723 -9.027 0.644 21
3.683 -8.908 0.525 20
3.678 -8.836 0.571 20
3.583 -9.059 0.677 20
3.614 -9.167 0.75 20
# end
#Mon Apr 06 22:36:48 PDT 2015