# Accelerometer Values
# filename:  hifive__3.txt
# Saving start time: Tue Apr 07 10:50:02 MST 2015

# sensor resolution: 0.039230347m/s^2
#Sensorvendor: Invensense Inc., name: Invensense Accelerometer, type: 1,version : 4, range 19.613297

# X value, Y value, Z value, time diff in ms
4.988 -8.283 1.042 21
5.067 -8.313 1.11 20
4.997 -8.307 1.281 20
4.898 -8.269 1.33 20
4.909 -8.375 1.303 20
4.934 -8.351 1.363 20
5.062 -8.374 1.271 20
5.128 -8.314 1.255 21
5.137 -8.246 1.293 20
5.082 -8.186 1.189 20
5.061 -8.208 1.131 20
4.973 -8.269 1.219 20
4.919 -8.339 1.207 20
5.023 -8.384 1.117 20
5.073 -8.287 0.811 21
4.952 -8.222 0.78 20
4.881 -8.286 0.618 20
4.757 -8.242 0.895 20
4.921 -8.32 1.076 20
5.068 -8.318 1.075 20
5.025 -8.336 1.047 20
4.909 -8.34 0.905 21
4.812 -8.339 0.73 20
4.797 -8.343 0.685 20
4.806 -8.317 0.856 20
4.865 -8.322 0.903 20
4.736 -8.313 0.766 20
4.563 -8.343 0.642 20
4.908 -8.557 0.798 21
5.204 -8.657 1.01 20
5.298 -9.001 0.675 20
5.128 -9.042 0.588 20
5.011 -8.719 -0.016 20
5.319 -8.495 -0.038 20
5.364 -8.144 -0.264 20
5.247 -8.224 -0.236 21
5.661 -9.333 -0.087 20
5.296 -8.903 -0.173 20
5.617 -7.897 0.064 20
5.672 -8.382 -0.143 20
5.078 -8.619 -0.585 20
4.499 -8.353 -0.611 20
4.518 -7.742 -0.3 21
4.647 -7.826 -0.395 20
4.843 -8.225 -0.222 20
4.805 -8.215 0.196 20
4.63 -8.582 0.501 20
4.228 -8.835 -0.003 20
4.413 -8.651 0.084 20
5.055 -9.223 0.446 21
4.835 -8.702 0.619 20
4.589 -8.246 0.285 20
4.383 -8.112 0.174 20
4.154 -8.245 0.024 20
4.495 -8.573 0.587 20
4.554 -8.538 0.794 20
4.53 -8.051 0.552 21
4.86 -7.984 0.35 20
4.88 -8.022 0.429 20
5.111 -8.411 0.489 20
5.424 -8.72 0.879 20
5.212 -8.442 0.822 20
5.097 -8.284 0.658 20
4.768 -7.975 0.268 21
4.666 -7.996 0.244 20
5.086 -8.58 0.587 20
5.105 -8.968 1.078 20
4.881 -8.76 0.917 20
4.684 -8.31 0.686 20
4.489 -7.76 0.261 20
4.35 -8.004 0.087 20
4.785 -8.853 0.411 21
5.047 -9.135 0.984 20
4.998 -9.028 1.142 20
4.77 -8.755 0.975 20
4.607 -8.317 0.789 20
4.568 -8.124 0.418 20
4.941 -8.551 0.28 20
5.093 -8.636 0.623 21
5.112 -8.487 0.884 20
5.058 -8.411 0.963 20
4.687 -8.397 0.764 20
4.567 -8.352 0.648 20
4.87 -8.501 0.686 20
4.984 -8.716 0.789 20
4.977 -8.665 0.821 21
4.811 -8.468 0.905 20
4.581 -8.422 0.823 20
4.606 -8.34 0.58 20
4.884 -8.512 0.713 20
5.337 -8.545 0.97 20
5.295 -8.597 0.944 20
5.112 -8.674 0.819 21
4.996 -8.466 0.595 20
4.98 -8.53 0.463 20
5.203 -8.645 0.715 20
5.53 -8.746 0.979 20
5.84 -9.055 1.316 20
5.772 -8.75 1.215 20
5.403 -8.415 1.094 21
5.525 -8.431 0.962 20
6.102 -8.636 0.966 20
6.826 -8.926 1.086 20
7.507 -9.035 1.239 20
8.326 -8.338 1.693 20
10.109 -7.417 1.806 20
11.368 -7.325 1.824 21
12.979 -8.448 2.574 20
14.561 -9.527 3.516 20
15.68 -9.507 4.316 20
16.263 -9.19 4.783 20
17.19 -9.195 6.134 20
17.971 -8.07 7.338 20
18.267 -7.175 8.044 21
18.211 -5.577 8.792 20
18.29 -3.39 9.066 20
18.587 -0.986 10.105 20
19.543 -1.029 11.46 20
18.09 -4.109 12.301 20
15.811 -3.252 10.48 20
13.429 -2.054 9.653 21
11.422 -2.487 9.308 20
11.713 -4.111 10.43 20
11.491 -5.98 9.17 20
8.389 -3.71 6.413 20
3.732 -2.672 5.94 20
-0.392 -1.586 6.16 20
-1.173 -1.045 9.002 21
-0.896 -2.087 11.509 20
-2.818 -0.513 11.203 20
-5.021 1.31 10.358 20
-5.973 1.708 8.894 20
-6.064 -0.29 8.495 20
-6.076 -3.845 13.439 20
-7.491 -3.976 12.901 21
-8.283 -4.293 9.788 20
-7.649 -5.936 6.995 20
-6.066 -8.387 7.42 20
-3.586 -7.957 10.182 20
-4.05 -8.386 10.437 20
-4.949 -7.415 7.712 20
-3.471 -6.45 0.8 21
-2.276 -5.967 -10.34 20
-4.47 -6.499 -17.689 20
-7.809 -5.085 -18.533 20
-12.118 -0.245 -19.805 20
-11.409 10.648 -17.329 20
-8.799 19.819 -17.167 20
-6.208 12.204 -16.561 21
-4.439 3.426 -4.479 20
-0.074 4.024 10.405 20
-5.675 5.21 10.677 20
-7.748 5.346 6.21 20
-9.149 7.238 -3.808 20
-9.342 7.738 -6.676 20
-8.188 9.439 -3.564 21
-6.987 9.52 -1.186 20
-6.982 8.979 -0.405 20
-6.556 8.124 0.04 20
-5.889 7.3 -0.087 20
-6.494 7.739 -0.786 20
-7.472 8.139 -1.713 20
-8.026 8.24 -1.78 21
-7.318 8.259 -1.061 20
-6.34 8.012 -0.091 20
-6.27 7.695 0.337 20
-6.299 7.451 -0.133 20
-6.86 7.577 -0.733 20
-6.932 7.831 -1.026 20
-6.662 7.931 -0.968 21
-6.284 7.823 -0.924 20
-6.479 7.967 -0.75 20
-6.297 8.177 -0.86 20
-6.386 8.253 -1.378 20
-6.441 8.026 -1.281 20
-6.167 7.917 -1.29 20
-6.228 7.615 -1.16 21
-6.329 7.225 -0.674 20
-6.595 6.736 -0.004 20
-6.426 6.899 -0.071 20
-6.5 7.303 -0.891 20
-6.264 7.373 -1.283 20
-6.16 7.119 -1.543 20
-5.832 7.047 -1.069 20
-5.359 7.166 -0.441 21
-5.788 6.999 -0.215 20
-6.092 6.742 -0.122 20
-6.337 6.818 0.327 20
-6.182 6.836 1.175 20
-5.898 7.055 1.452 20
-5.953 7.178 0.928 20
-5.953 7.372 0.0 21
-5.854 7.677 -0.508 20
-5.238 7.798 -0.98 20
-5.01 7.632 -1.525 20
-5.536 7.869 -2.902 20
-5.661 8.216 -4.066 20
-5.13 8.022 -4.091 20
-4.151 7.62 -4.483 21
-2.397 6.454 -5.49 20
-0.255 4.065 -5.989 20
1.314 2.249 -7.822 20
2.126 1.433 -7.346 20
3.681 -0.55 -5.793 20
6.224 -3.229 -5.088 20
7.999 -3.396 -5.88 21
7.611 1.403 -7.57 20
3.153 4.659 -5.97 20
-0.118 3.448 -2.602 20
-2.21 1.576 -1.326 20
-5.347 3.074 -1.281 20
-7.212 5.059 -2.135 20
-5.764 4.907 -2.491 21
-3.478 2.731 -2.514 20
-0.588 2.411 -3.708 20
2.566 3.114 -3.225 20
4.496 2.085 0.98 20
4.934 0.102 3.032 20
8.273 -4.81 2.299 20
16.996 -7.232 3.945 21
18.616 -4.036 10.652 20
16.572 -4.338 6.388 20
17.988 -6.966 7.627 20
19.67 -8.839 11.648 20
19.67 -10.21 13.482 20
19.67 -10.458 10.659 20
19.67 -10.408 7.691 21
18.328 -11.113 5.335 20
16.957 -12.069 3.781 20
17.159 -12.271 2.663 20
18.102 -11.476 0.971 20
17.507 -9.915 -0.817 20
15.688 -8.248 -1.328 20
12.586 -4.73 -0.072 21
9.532 -3.698 -0.496 20
7.697 -7.249 -2.095 20
5.527 -10.977 -4.107 20
3.627 -10.952 -4.654 20
4.173 -9.682 -3.844 20
5.509 -9.075 -3.497 20
6.141 -8.586 -2.999 21
5.868 -8.815 -2.432 20
4.953 -9.163 -2.072 20
4.159 -8.59 -1.679 20
4.056 -7.575 -1.383 20
4.685 -7.374 -1.384 20
5.406 -7.921 -1.18 20
5.669 -8.157 -0.937 21
5.631 -8.046 -0.442 20
5.436 -7.797 -0.105 20
5.391 -7.849 0.014 20
5.719 -8.114 -0.233 20
6.009 -8.323 -0.249 20
5.93 -8.043 -0.079 20
5.763 -7.81 0.112 21
5.535 -7.802 -0.101 20
5.493 -7.74 -0.217 20
5.496 -7.85 -0.267 20
5.581 -7.721 -0.443 20
5.729 -7.287 -0.461 20
5.944 -7.034 -0.282 20
6.086 -7.176 -0.227 21
6.43 -7.214 -0.026 20
6.808 -7.456 0.174 20
6.912 -7.159 0.532 20
6.984 -6.889 0.706 20
6.745 -7.047 0.664 20
6.685 -7.54 0.672 20
6.48 -7.536 0.668 21
6.18 -7.436 0.902 20
5.89 -7.388 1.033 20
6.048 -7.417 1.25 20
6.246 -7.607 1.509 20
6.263 -7.873 1.618 20
5.944 -7.871 1.841 20
5.795 -7.761 1.713 21
5.909 -8.087 1.651 20
5.672 -8.072 1.66 20
5.245 -7.816 1.716 20
5.002 -8.024 1.81 20
4.984 -8.182 2.066 20
4.932 -8.047 2.095 20
4.958 -8.136 2.469 21
4.815 -8.209 2.662 20
4.537 -8.205 2.71 20
4.331 -8.176 2.585 20
4.153 -8.365 2.312 20
4.06 -8.193 2.616 20
4.061 -7.912 2.91 20
4.058 -7.902 2.797 21
4.187 -7.888 2.664 20
4.447 -7.957 2.679 20
4.284 -8.121 2.758 20
4.121 -8.213 2.966 20
4.095 -8.333 3.166 20
4.272 -8.658 3.225 20
4.458 -8.704 3.268 21
4.54 -8.55 3.158 20
4.411 -8.341 3.027 20
4.293 -8.28 2.88 20
4.191 -8.188 2.96 20
4.502 -8.414 2.968 20
4.439 -8.305 3.165 20
4.505 -8.401 3.142 20
4.286 -8.47 2.906 21
3.97 -8.391 2.948 20
3.86 -8.447 2.848 20
4.02 -8.528 2.926 20
4.128 -8.32 2.926 20
4.262 -8.198 2.946 20
4.319 -8.313 2.828 20
4.277 -8.452 2.666 21
4.118 -8.443 2.643 20
4.124 -8.162 2.462 20
4.065 -8.214 2.786 20
4.134 -8.493 3.006 20
4.13 -8.657 3.285 20
4.194 -8.725 3.269 20
4.421 -8.593 2.985 21
4.492 -8.237 2.715 20
4.273 -8.012 2.598 20
3.975 -8.044 2.69 20
3.835 -8.341 2.991 20
3.718 -8.75 3.228 20
3.71 -8.758 3.37 20
3.822 -8.351 3.474 21
4.082 -8.005 3.434 20
4.445 -8.035 3.228 20
4.45 -8.176 2.846 20
4.378 -8.198 3.094 20
4.207 -8.485 3.266 20
4.225 -8.48 3.282 20
4.23 -8.43 3.185 21
4.22 -8.286 3.214 20
4.379 -8.17 3.254 20
4.427 -7.962 3.163 20
4.302 -7.872 3.327 20
4.155 -8.139 3.11 20
4.134 -8.239 3.053 20
4.372 -8.149 2.997 21
4.528 -8.037 2.956 20
4.337 -7.98 3.015 20
4.191 -8.325 3.093 20
4.145 -8.542 3.106 20
4.207 -8.513 3.273 20
4.236 -8.278 3.289 20
4.189 -8.08 3.272 21
4.233 -8.025 3.047 20
4.472 -8.018 3.084 20
4.459 -8.207 3.299 20
4.429 -8.116 3.551 20
4.365 -8.283 3.579 20
4.227 -8.512 3.542 20
4.218 -8.488 3.391 21
4.237 -8.191 3.374 20
4.312 -8.134 3.184 20
4.438 -8.021 3.189 20
4.488 -8.158 3.171 20
4.502 -8.181 3.223 20
4.382 -8.175 3.211 20
4.335 -8.182 3.014 21
4.174 -8.125 2.931 20
4.35 -8.106 3.001 20
4.21 -8.135 3.053 20
4.311 -8.107 2.945 20
4.408 -8.203 3.002 20
4.392 -8.116 2.983 20
4.483 -8.088 3.124 21
4.537 -8.144 3.09 20
4.404 -8.287 3.185 20
4.597 -8.22 3.283 20
4.522 -8.181 3.26 20
4.4 -8.169 3.15 20
4.336 -8.162 3.052 20
4.229 -8.099 3.056 21
4.114 -8.062 2.916 20
4.402 -8.135 3.063 20
4.729 -8.106 3.233 20
4.735 -8.119 3.28 20
4.588 -8.222 3.237 20
4.321 -8.427 3.256 20
4.095 -8.563 3.142 21
4.065 -8.32 3.195 20
4.193 -8.158 3.057 20
4.389 -8.054 3.188 20
4.512 -8.082 3.221 20
4.495 -8.077 3.223 20
4.429 -8.033 3.31 20
4.499 -8.007 3.47 21
4.454 -8.14 2.873 20
4.278 -8.564 2.859 20
4.305 -8.376 2.781 20
4.659 -8.439 2.898 20
4.848 -8.234 2.854 20
4.912 -7.779 2.911 20
4.76 -7.682 3.093 21
4.542 -7.929 2.968 20
4.192 -8.288 2.831 20
4.024 -8.172 2.757 20
# end
#Tue Apr 07 10:50:10 MST 2015