# Accelerometer Values
# filename:  hifive__4.txt
# Saving start time: Tue Apr 07 10:50:15 MST 2015

# sensor resolution: 0.039230347m/s^2
#Sensorvendor: Invensense Inc., name: Invensense Accelerometer, type: 1,version : 4, range 19.613297

# X value, Y value, Z value, time diff in ms
5.454 -7.481 1.452 21
5.318 -7.405 1.341 20
5.316 -7.655 1.529 20
5.471 -7.765 1.689 20
5.591 -7.846 1.837 20
5.477 -7.827 1.874 20
5.388 -7.948 1.858 20
5.492 -7.931 1.779 21
5.681 -7.821 1.958 20
5.67 -7.847 1.843 20
5.741 -7.96 1.726 20
5.604 -7.939 1.705 20
5.535 -7.744 1.538 20
5.444 -7.51 1.297 20
5.433 -7.386 1.32 21
5.23 -7.43 1.431 20
5.149 -7.567 1.333 20
5.234 -7.698 1.35 20
5.352 -7.682 1.365 20
5.46 -7.648 1.132 20
5.501 -7.693 1.452 20
5.488 -7.556 1.533 21
5.513 -7.677 1.512 20
5.579 -7.949 1.44 20
5.702 -8.091 1.391 20
5.954 -7.961 1.287 20
6.209 -7.969 1.392 20
6.341 -7.942 1.534 20
6.169 -7.888 1.552 21
6.185 -7.938 1.461 20
6.221 -7.971 1.422 20
6.409 -8.093 1.344 20
6.377 -7.907 1.099 20
6.154 -7.793 0.981 20
6.14 -8.044 0.945 20
5.876 -8.054 0.752 21
5.839 -7.926 0.732 20
5.957 -7.862 0.748 20
6.0 -7.857 0.705 20
5.925 -7.817 0.642 20
5.683 -7.834 0.617 20
5.561 -7.893 0.516 20
5.515 -8.007 0.641 21
5.479 -8.064 0.537 20
5.555 -7.933 0.582 20
5.636 -7.839 0.578 20
5.711 -7.944 0.425 20
5.745 -8.016 0.443 20
5.867 -7.905 0.531 20
6.001 -7.831 0.416 21
6.017 -7.781 0.358 20
6.028 -7.818 0.371 20
6.044 -7.838 0.224 20
6.174 -7.576 0.161 20
6.205 -7.553 0.162 20
6.208 -7.544 0.265 20
6.224 -7.629 0.219 21
6.111 -7.668 0.171 20
6.138 -7.616 0.296 20
6.116 -7.412 0.247 20
6.09 -7.301 0.266 20
6.033 -7.373 0.34 20
6.089 -7.648 0.415 20
6.276 -7.633 0.484 21
6.305 -7.456 0.565 20
6.27 -7.37 0.579 20
6.221 -7.403 0.496 20
5.983 -7.505 0.347 20
5.877 -7.363 0.388 20
6.175 -7.391 0.408 20
6.403 -7.344 0.433 21
6.477 -7.307 0.487 20
6.413 -7.353 0.627 20
6.554 -7.421 0.602 20
6.759 -7.374 0.565 20
6.817 -7.392 0.514 20
7.175 -7.395 0.633 20
7.718 -7.309 0.581 21
8.264 -7.334 0.609 20
9.13 -7.326 0.673 20
10.419 -7.132 0.34 20
12.164 -6.774 0.327 20
14.415 -6.972 1.265 20
16.257 -8.168 2.557 20
18.345 -9.312 2.971 21
19.495 -9.814 2.153 20
19.356 -9.806 2.254 20
19.592 -10.405 4.392 20
19.67 -10.21 6.61 20
19.67 -9.519 7.245 20
19.516 -7.327 6.854 20
18.65 -5.706 6.708 21
18.143 -4.675 7.707 20
17.924 -4.623 8.693 20
16.037 -4.863 7.816 20
12.884 -4.128 5.121 20
10.531 -2.756 4.916 20
10.8 -2.746 6.287 20
10.11 -3.323 7.204 21
7.886 -3.591 6.747 20
5.337 -3.079 6.472 20
3.268 -1.829 7.134 20
2.506 -0.671 8.982 20
1.002 -0.512 10.092 20
-0.348 0.143 11.055 20
-1.658 -0.086 11.714 20
-4.131 -0.323 10.847 21
-6.962 -0.893 9.93 20
-8.852 -1.713 10.13 20
-8.203 -1.057 10.266 20
-7.98 -1.842 8.761 20
-9.332 -5.745 6.704 20
-8.994 -7.978 8.663 20
-7.082 -7.821 8.459 21
-6.157 -7.896 0.975 20
-4.175 -9.475 -9.455 20
-3.54 -12.134 -15.685 20
-7.184 -10.261 -16.164 20
-9.014 -7.066 -16.764 20
-7.663 -2.073 -15.188 20
-4.69 5.694 -12.938 21
1.27 8.486 -11.074 20
1.822 9.521 -5.826 20
-0.8 8.819 -1.673 20
-4.811 7.739 -1.01 20
-9.853 5.883 -3.556 20
-12.6 6.689 -6.765 20
-11.12 7.7 -8.102 21
-7.498 7.852 -5.913 20
-4.794 8.106 -2.601 20
-4.715 7.72 -1.948 20
-6.984 6.876 -4.278 20
-8.855 6.495 -6.553 20
-9.356 6.255 -6.969 20
-8.324 6.068 -6.264 21
-7.491 5.294 -6.677 20
-7.098 4.158 -7.042 20
-5.939 3.787 -6.233 20
-4.086 3.174 -4.67 20
-2.478 2.975 -4.493 20
-3.301 3.315 -6.596 20
-3.477 4.747 -6.641 21
-1.939 5.654 -5.13 20
0.94 5.047 -3.427 20
2.247 5.125 -2.488 20
1.334 7.269 -3.286 20
0.791 8.359 -6.705 20
1.132 7.424 -6.639 20
1.494 7.369 -3.304 21
1.103 8.702 -0.35 20
0.854 7.553 0.279 20
0.593 6.476 -1.42 20
-0.048 7.565 -2.064 20
-1.274 8.923 -1.056 20
-1.839 8.281 -0.556 20
-2.48 6.837 -0.766 21
-3.716 5.492 -0.981 20
-5.016 4.207 -1.636 20
-5.672 3.873 -1.987 20
-5.384 3.709 -2.032 20
-5.024 2.557 -1.914 20
-4.368 0.429 -1.394 20
-3.137 -1.202 -0.67 21
-0.652 -1.815 -0.168 20
2.235 -2.601 1.092 20
5.165 -3.939 2.827 20
8.312 -6.672 4.552 20
13.247 -9.973 5.156 20
18.223 -11.392 5.653 20
19.477 -12.065 5.464 21
18.769 -12.186 2.871 20
19.308 -14.181 0.888 20
19.67 -16.323 -0.083 20
19.67 -18.11 -0.345 20
19.67 -19.404 -1.309 20
19.67 -19.404 -2.153 20
19.423 -15.61 -1.483 21
18.158 -11.054 -1.045 20
16.74 -9.09 -1.257 20
15.907 -8.604 -1.463 20
13.889 -6.33 -0.577 20
10.875 -5.408 -0.649 20
8.508 -7.601 -1.535 20
6.494 -10.571 -2.09 21
4.092 -10.981 -2.332 20
2.798 -10.015 -1.977 20
3.288 -9.376 -1.501 20
4.135 -9.329 -1.417 20
4.003 -8.854 -1.388 20
3.209 -8.863 -1.241 20
2.558 -9.118 -1.066 21
2.466 -9.869 -0.634 20
2.92 -9.966 -0.38 20
2.649 -9.74 -0.142 20
2.687 -9.628 -0.187 20
3.342 -9.734 -0.042 20
3.621 -9.335 0.093 20
3.516 -9.141 0.29 21
3.78 -8.767 0.686 20
4.399 -8.648 1.057 20
4.951 -8.353 1.081 20
4.686 -8.111 1.277 20
4.01 -8.768 1.044 20
3.449 -9.166 0.726 20
3.253 -9.2 0.598 21
3.203 -8.873 0.667 20
3.989 -8.386 0.919 20
4.543 -8.421 1.523 20
4.253 -9.221 1.658 20
3.034 -9.51 1.575 20
2.476 -8.922 1.815 20
3.215 -8.753 2.38 21
3.77 -9.123 2.463 20
3.703 -8.849 1.929 20
3.851 -8.183 1.6 20
3.681 -7.889 1.462 20
2.942 -8.209 1.277 20
2.53 -8.675 1.291 20
2.816 -8.862 1.696 20
3.356 -8.581 2.097 21
3.674 -8.741 2.196 20
3.28 -8.888 1.942 20
2.888 -8.98 1.818 20
2.817 -9.101 1.891 20
2.917 -9.145 2.305 20
3.212 -9.415 2.702 20
3.483 -9.496 2.517 21
3.143 -9.883 2.284 20
2.86 -9.677 1.937 20
2.961 -9.028 1.919 20
3.362 -8.637 2.105 20
3.876 -8.613 1.994 20
3.85 -9.005 1.391 20
3.368 -8.572 1.127 21
3.321 -8.453 1.108 20
3.48 -8.57 1.613 20
3.756 -8.776 2.272 20
3.73 -9.293 2.545 20
4.029 -9.581 2.324 20
4.159 -9.197 2.405 20
3.75 -8.585 2.575 21
3.001 -8.706 2.51 20
2.507 -9.22 2.476 20
2.279 -9.502 2.647 20
2.64 -9.406 2.468 20
3.103 -8.914 2.171 20
3.126 -8.455 1.887 20
3.339 -8.504 1.455 21
3.761 -9.24 1.59 20
3.495 -9.028 1.946 20
3.014 -8.877 2.243 20
2.86 -8.865 2.332 20
2.832 -9.001 2.451 20
3.143 -9.023 2.691 20
3.535 -9.022 2.386 21
3.606 -8.948 2.156 20
3.433 -8.797 1.993 20
3.206 -8.956 1.966 20
3.244 -8.96 2.25 20
3.761 -8.865 2.285 20
4.143 -8.969 2.356 20
4.08 -8.978 2.564 21
3.396 -9.148 2.325 20
2.892 -9.06 2.318 20
2.744 -8.908 2.238 20
2.994 -8.859 2.168 20
3.309 -8.651 2.062 20
3.488 -8.454 2.038 20
3.017 -8.701 2.151 21
2.819 -8.826 2.424 20
3.037 -9.066 2.587 20
3.41 -9.077 2.624 20
3.633 -8.869 2.539 20
3.483 -8.791 2.415 20
3.301 -9.128 2.316 20
3.343 -9.193 2.267 21
3.437 -9.2 2.364 20
3.272 -9.049 2.241 20
3.106 -8.963 1.998 20
3.156 -8.882 1.862 20
3.215 -8.884 1.944 20
3.399 -8.844 2.21 20
3.331 -9.015 2.393 21
3.201 -9.054 2.463 20
3.194 -8.922 2.421 20
3.175 -8.82 2.411 20
3.196 -8.691 2.341 20
3.142 -8.594 2.411 20
3.035 -8.892 2.437 20
3.151 -9.008 2.549 21
3.259 -9.085 2.257 20
3.51 -8.685 2.027 20
3.698 -8.469 2.372 20
3.839 -8.876 2.826 20
3.185 -9.343 2.614 20
2.864 -9.318 2.478 20
3.081 -9.05 2.8 21
2.846 -9.018 2.1 20
2.834 -9.059 1.994 20
3.002 -9.193 2.058 20
3.128 -9.386 2.05 20
3.382 -8.893 1.993 20
3.633 -8.648 1.866 20
3.384 -8.702 1.922 21
3.285 -8.856 2.229 20
3.285 -9.095 2.522 20
3.263 -9.142 2.422 20
3.119 -8.965 1.921 20
2.874 -8.841 1.578 20
3.07 -8.794 1.923 20
3.412 -9.09 2.315 21
3.641 -9.068 2.695 20
3.636 -8.906 2.749 20
3.228 -8.732 2.309 20
3.178 -8.795 1.942 20
# end
#Tue Apr 07 10:50:21 MST 2015