# Accelerometer Values
# filename:  slap__3.txt
# Saving start time: Tue Apr 07 10:46:58 PDT 2015

# sensor resolution: 0.039230347m/s^2
#Sensorvendor: Invensense Inc., name: Invensense Accelerometer, type: 1,version : 4, range 19.613297

# X value, Y value, Z value, time diff in ms
3.571 -8.469 2.182 20
3.725 -8.51 2.097 20
3.935 -8.417 2.145 20
3.995 -8.414 2.237 20
4.048 -8.449 2.407 20
4.049 -8.77 2.451 21
4.087 -8.665 2.585 20
4.153 -8.431 2.527 20
4.214 -8.524 2.284 20
4.348 -8.676 2.223 20
4.387 -8.629 2.292 20
4.115 -8.782 2.218 20
4.063 -8.676 2.295 21
4.061 -8.612 2.229 20
4.077 -8.746 2.168 20
4.185 -8.672 2.155 20
4.141 -8.49 2.16 20
4.06 -8.431 2.073 20
4.179 -8.476 1.91 20
4.176 -8.528 1.821 21
4.252 -8.606 1.942 20
4.255 -8.576 1.98 20
4.299 -8.682 2.184 20
4.306 -8.972 2.18 20
4.506 -8.976 2.252 20
4.551 -8.715 2.012 20
4.408 -8.498 1.892 21
4.284 -8.629 1.878 20
4.317 -8.686 1.908 20
4.232 -8.678 1.934 20
4.167 -8.69 1.955 20
4.387 -8.734 1.983 20
4.293 -8.597 1.882 20
4.275 -8.566 1.914 21
4.18 -8.573 1.851 20
4.128 -8.854 1.74 20
4.119 -8.981 1.731 20
4.2 -8.664 1.789 20
4.326 -8.213 1.911 20
4.338 -8.256 1.833 20
4.31 -8.576 1.613 21
4.321 -8.773 1.46 20
4.324 -8.797 1.59 20
4.297 -8.521 1.646 20
4.358 -8.488 1.765 20
4.414 -8.449 1.717 20
4.457 -8.816 1.574 20
4.479 -8.715 1.616 21
4.465 -8.71 1.683 20
4.497 -8.575 1.663 20
4.521 -8.308 1.358 20
4.545 -8.459 1.473 20
4.574 -8.627 1.279 20
4.571 -8.606 1.089 20
4.602 -8.458 1.211 21
4.595 -8.521 1.311 20
4.612 -8.603 1.513 20
4.582 -8.706 1.598 20
4.455 -8.823 1.647 20
4.452 -8.634 1.196 20
4.457 -8.407 1.061 20
4.419 -8.305 1.097 21
4.414 -8.323 1.166 20
4.434 -8.456 1.294 20
4.324 -8.634 1.288 20
4.438 -8.542 1.506 20
4.486 -8.764 1.618 20
4.579 -8.766 1.514 20
4.563 -8.709 1.452 21
4.548 -8.531 1.379 20
4.597 -8.456 1.374 20
4.513 -8.596 1.3 20
4.507 -8.549 1.376 20
4.41 -8.609 1.313 20
4.512 -8.598 1.31 20
4.559 -8.485 1.295 21
4.477 -8.472 1.323 20
4.34 -8.484 1.306 20
4.285 -8.418 1.237 20
4.334 -8.482 1.388 20
4.491 -8.602 1.355 20
4.691 -8.51 1.523 20
4.573 -8.611 1.503 21
4.427 -8.6 1.561 20
4.35 -8.708 1.38 20
4.453 -8.923 1.392 20
4.539 -8.952 1.544 20
4.762 -8.645 1.548 20
4.828 -8.367 1.561 20
4.983 -8.343 1.514 21
4.803 -8.416 1.161 20
4.496 -8.524 0.968 20
4.533 -8.541 0.803 20
4.42 -8.821 1.001 20
4.399 -9.197 1.259 20
4.706 -8.991 1.33 20
5.024 -9.19 1.463 21
5.197 -9.489 0.765 20
5.721 -10.059 0.16 20
5.885 -9.819 0.997 20
6.465 -9.92 -0.098 20
5.811 -9.615 0.572 20
6.617 -9.098 0.225 20
7.45 -9.244 -0.003 20
7.911 -10.241 -0.047 21
8.029 -10.608 -0.758 20
8.112 -9.175 -0.874 20
8.325 -8.442 0.597 20
8.62 -9.335 1.233 20
8.707 -9.386 -0.016 20
9.521 -9.462 -1.487 20
9.753 -9.442 -1.037 21
10.214 -9.498 0.645 20
10.735 -9.821 -0.107 20
11.9 -9.48 -1.023 20
12.208 -8.826 -1.455 20
12.56 -8.101 -1.587 20
13.139 -8.304 -1.206 20
13.159 -8.779 -0.554 21
13.495 -8.294 -0.361 20
13.882 -7.108 -1.544 20
13.076 -4.773 -2.841 20
12.39 -4.19 -4.462 20
12.333 -6.786 -3.952 20
11.285 -10.721 0.208 20
6.799 -10.624 2.529 21
2.862 -7.571 2.823 20
2.38 -2.4 1.342 20
2.585 -5.302 -1.182 20
4.264 -15.537 0.738 20
5.166 -16.749 2.843 20
5.916 -15.049 3.459 20
7.275 -15.499 8.029 21
8.12 -13.134 14.258 20
6.643 -10.552 16.942 20
7.563 -11.877 14.127 20
7.865 -12.656 9.445 20
7.333 -11.618 6.152 20
6.915 -11.279 5.071 20
7.589 -12.117 4.09 21
7.479 -12.267 -0.861 20
8.596 -14.822 -6.289 20
11.106 -14.768 -8.209 20
12.576 -14.193 -8.252 20
13.748 -14.143 -12.318 20
13.944 -12.841 -14.85 20
14.623 -12.17 -13.1 21
16.732 -14.746 -12.189 20
17.774 -14.731 -13.577 20
15.471 -8.331 -16.535 20
11.888 -6.942 -17.907 20
9.841 -9.832 -16.874 20
9.875 -12.203 -15.54 20
10.833 -11.534 -13.793 21
11.95 -9.953 -12.151 20
12.102 -9.596 -9.85 20
11.393 -10.767 -7.122 20
10.444 -10.618 -5.539 20
9.919 -8.644 -5.773 20
9.898 -6.182 -6.418 20
9.989 -3.782 -7.099 21
11.4 -4.255 -7.434 20
11.512 -6.209 -5.199 20
10.824 -5.252 -1.572 20
9.838 0.116 0.308 20
9.753 4.062 -3.456 20
13.288 -7.118 -8.937 20
16.756 -18.473 -1.446 21
18.292 -16.82 7.096 20
16.164 -12.262 6.279 20
14.028 -12.302 9.593 20
11.278 -12.766 9.037 20
11.95 -13.747 11.164 20
11.176 -13.419 13.908 20
10.945 -14.526 15.494 21
10.419 -15.535 15.615 20
9.493 -16.29 15.357 20
8.686 -16.763 14.578 20
8.153 -16.62 13.377 20
7.417 -15.67 13.588 20
6.648 -15.542 14.181 20
5.877 -15.416 13.088 21
5.545 -14.432 9.573 20
7.773 -14.736 4.941 20
10.746 -16.323 0.511 20
14.939 -17.337 -5.441 20
16.513 -15.205 -11.283 20
14.599 -12.772 -14.05 20
13.852 -14.733 -11.949 21
15.946 -11.098 -15.424 20
17.301 -9.645 -15.679 20
14.9 -8.518 -13.246 20
14.061 -9.13 -11.309 20
12.954 -11.469 -10.853 20
12.246 -12.382 -12.385 20
12.88 -12.794 -13.988 21
13.749 -12.397 -14.401 20
12.764 -11.359 -13.043 20
12.028 -10.879 -12.48 20
10.207 -8.915 -12.673 20
9.418 -7.402 -13.247 20
9.261 -7.26 -13.185 20
8.975 -7.039 -12.307 21
8.821 -6.375 -11.674 20
10.298 -7.946 -10.72 20
10.459 -9.161 -8.086 20
9.695 -8.553 -6.972 20
9.063 -6.421 -7.563 20
9.228 -4.652 -8.655 20
11.214 -3.217 -9.079 21
11.844 -5.179 -8.219 20
12.967 -9.047 -5.084 20
14.168 -13.643 -2.031 20
13.534 -16.651 -0.648 20
10.263 -16.358 0.714 20
9.178 -16.316 2.361 20
9.45 -17.604 2.593 20
7.363 -17.022 4.184 21
5.448 -15.281 6.071 20
4.879 -13.818 8.075 20
6.138 -13.151 10.91 20
7.209 -11.922 14.888 20
6.929 -10.261 17.057 20
6.904 -9.691 14.837 20
7.755 -9.321 10.324 21
7.873 -7.92 7.898 20
6.749 -6.522 8.518 20
6.406 -6.801 11.676 20
6.319 -7.458 13.614 20
6.424 -6.643 11.945 20
7.833 -6.176 11.232 20
9.145 -5.464 13.244 21
9.957 -4.897 15.318 20
10.134 -4.842 15.724 20
10.173 -5.299 11.97 20
11.195 -5.319 6.371 20
11.037 -3.906 4.627 20
11.534 -4.569 4.697 20
11.859 -7.819 2.917 21
12.287 -11.092 0.318 20
13.214 -12.54 -4.731 20
11.443 -9.0 -10.959 20
8.473 -6.385 -9.759 20
9.744 -10.245 -5.525 20
10.185 -11.972 -5.88 20
10.237 -11.455 -6.647 21
10.014 -8.888 -8.709 20
9.763 -5.65 -11.257 20
9.866 -5.472 -10.868 20
11.051 -8.279 -9.019 20
13.529 -11.827 -6.847 20
14.028 -11.472 -6.228 20
13.27 -9.328 -7.694 21
12.61 -6.503 -10.321 20
12.751 -6.971 -11.183 20
12.083 -8.082 -10.336 20
11.76 -9.189 -9.233 20
10.929 -9.436 -8.113 20
10.783 -8.866 -7.395 20
11.428 -8.352 -6.316 21
11.748 -8.088 -4.637 20
11.198 -7.298 -4.434 20
10.946 -4.282 -4.499 20
10.444 -1.636 -4.109 20
8.781 -2.145 -5.021 20
10.416 -6.082 -5.6 20
14.63 -14.239 -2.972 21
13.05 -12.938 2.75 20
14.672 -12.441 2.317 20
17.253 -16.262 2.524 20
12.522 -15.182 6.367 20
8.578 -10.439 5.493 20
7.684 -10.241 4.895 20
6.17 -9.399 7.396 21
6.22 -5.89 9.911 20
7.892 -3.284 9.672 20
9.103 -1.909 6.713 20
8.854 -2.107 4.586 20
7.57 -2.657 4.837 20
6.389 -2.713 6.482 20
7.148 -2.513 6.98 21
8.738 -1.457 3.812 20
9.147 -0.36 1.784 20
7.145 0.564 4.298 20
7.272 0.041 7.888 20
8.304 -0.205 5.88 20
8.715 1.379 1.988 20
7.038 2.568 -0.532 21
5.023 2.435 -0.922 20
4.309 1.768 -1.864 20
4.023 3.185 -5.345 20
4.28 3.917 -8.425 20
5.169 2.904 -11.336 20
4.823 2.293 -11.12 20
4.645 0.849 -8.245 21
5.539 -0.615 -9.925 20
6.202 -3.294 -12.974 20
6.531 -6.207 -14.413 20
8.34 -4.613 -15.585 20
10.46 -2.617 -13.697 20
9.694 -5.366 -7.884 20
10.089 -9.064 -5.293 21
11.019 -11.394 -5.316 20
11.157 -12.387 -5.392 20
10.099 -12.363 -4.994 20
9.453 -11.736 -4.524 20
8.901 -10.762 -3.593 20
8.197 -9.152 -1.983 20
7.22 -8.536 -0.651 21
6.607 -9.293 -0.757 20
7.075 -10.113 -1.136 20
6.722 -8.854 -1.046 20
5.737 -8.232 -0.642 20
4.961 -9.296 -1.427 20
3.255 -10.436 -1.973 20
1.522 -10.814 -2.65 21
0.881 -10.355 -2.326 20
0.989 -9.927 -1.521 20
1.378 -10.358 -0.999 20
1.473 -10.855 -0.211 20
1.394 -10.556 0.781 20
1.225 -9.776 1.489 20
1.183 -9.248 1.569 21
1.461 -9.347 0.978 20
1.702 -9.49 0.43 20
1.478 -9.409 0.366 20
1.212 -9.337 0.607 20
1.343 -9.779 0.72 20
1.497 -9.907 0.862 20
1.836 -9.645 0.944 20
2.095 -9.359 1.084 21
2.238 -9.198 1.15 20
2.238 -9.306 0.955 20
2.046 -9.398 0.936 20
1.965 -9.441 0.499 20
2.14 -9.716 0.268 20
2.305 -10.006 0.301 20
2.494 -9.972 0.657 21
2.5 -9.621 0.758 20
2.536 -9.356 0.595 20
2.349 -9.271 0.487 20
2.301 -9.541 0.142 20
2.264 -9.667 0.074 20
2.133 -9.679 0.104 20
2.195 -9.57 0.07 21
2.159 -9.514 0.152 20
2.137 -9.625 0.204 20
2.254 -9.463 0.148 20
2.324 -9.349 0.223 20
2.269 -9.444 0.132 20
2.218 -9.478 0.208 20
2.235 -9.22 0.091 21
2.269 -9.361 0.093 20
2.41 -9.385 0.163 20
2.223 -9.446 0.345 20
2.348 -9.509 0.351 20
2.386 -9.449 0.236 20
2.445 -9.466 0.0 20
2.614 -9.272 0.002 21
2.659 -9.202 0.121 20
2.762 -9.081 0.182 20
2.943 -9.328 0.119 20
2.946 -9.37 0.172 20
2.735 -9.486 0.073 20
2.504 -9.523 -0.024 20
2.412 -9.351 -0.124 21
2.66 -9.376 -0.257 20
2.683 -9.362 -0.156 20
2.868 -9.524 -0.021 20
2.946 -9.64 -0.159 20
2.995 -9.534 -0.082 20
3.098 -9.301 0.01 20
2.992 -9.159 -0.185 21
2.928 -9.271 -0.094 20
2.586 -9.4 -0.229 20
2.558 -9.523 -0.269 20
2.68 -9.7 -0.204 20
2.985 -9.799 -0.283 20
3.507 -9.699 0.126 20
4.041 -9.635 0.332 21
4.028 -9.055 0.039 20
3.923 -8.941 -0.088 20
3.93 -9.025 -0.302 20
3.836 -9.303 -0.179 20
3.436 -9.777 0.072 20
2.74 -10.132 0.005 20
2.378 -9.644 0.189 21
2.423 -9.07 0.431 20
2.83 -8.8 0.656 20
3.066 -9.019 1.467 20
2.82 -9.631 1.828 20
2.102 -10.095 1.899 20
1.921 -9.732 1.627 20
2.416 -9.206 1.233 21
3.022 -8.779 1.446 20
3.313 -8.957 2.034 20
3.164 -9.088 2.356 20
2.814 -9.102 2.441 20
2.787 -9.055 2.566 20
2.97 -9.038 2.618 20
3.152 -9.23 2.791 21
3.224 -9.321 3.088 20
2.994 -9.467 3.083 20
2.881 -9.304 3.103 20
2.763 -9.103 2.901 20
2.83 -8.932 2.897 20
2.852 -8.921 2.969 20
2.516 -9.019 3.163 21
2.349 -9.389 3.114 20
2.172 -9.4 3.072 20
2.18 -8.971 3.017 20
2.34 -8.384 2.977 20
2.275 -8.15 3.065 20
2.049 -8.296 3.018 20
1.82 -8.409 2.84 21
2.02 -8.454 2.856 20
2.252 -8.306 3.206 20
2.387 -8.291 3.349 20
2.301 -8.666 3.328 20
2.098 -8.932 3.15 20
2.149 -8.855 3.086 20
2.568 -8.875 2.953 21
2.457 -8.8 3.148 20
2.226 -8.631 2.709 20
1.91 -8.545 2.727 20
1.85 -8.668 2.758 20
1.876 -8.934 3.043 20
1.973 -9.118 3.6 20
2.326 -9.337 3.586 21
2.388 -9.236 3.652 20
2.423 -8.991 3.541 20
2.356 -8.762 3.344 20
2.26 -8.728 3.035 20
2.45 -8.773 2.945 20
2.738 -8.931 3.302 20
2.665 -8.864 3.291 21
2.366 -9.005 3.146 20
2.157 -8.955 2.97 20
2.11 -8.945 3.008 20
2.132 -9.058 3.37 20
2.32 -9.432 3.568 20
2.341 -9.344 3.525 20
2.325 -8.977 3.451 20
2.263 -8.684 3.621 21
2.242 -8.688 3.654 20
2.265 -8.699 3.601 20
2.184 -8.673 3.408 20
2.21 -8.76 3.372 20
2.238 -8.847 3.447 20
2.388 -8.921 3.314 20
2.559 -8.89 3.093 21
2.449 -8.808 3.183 20
2.361 -8.897 3.453 20
2.261 -9.028 3.703 20
2.329 -8.951 3.621 20
2.483 -8.872 3.784 20
2.408 -8.588 3.591 20
2.47 -8.681 3.241 21
2.556 -8.703 3.226 20
2.593 -8.743 3.63 20
2.421 -8.898 3.544 20
2.326 -9.042 3.466 20
2.334 -9.224 3.74 20
2.289 -9.147 3.726 20
2.425 -9.069 3.637 21
2.343 -8.922 3.393 20
2.507 -8.767 3.338 20
2.531 -8.703 3.462 20
2.579 -8.621 3.521 20
2.482 -8.641 3.414 20
2.442 -8.665 3.066 20
2.285 -8.572 3.381 21
2.414 -8.533 3.456 20
2.424 -8.661 3.51 20
2.33 -8.864 3.601 20
2.322 -8.955 3.68 20
2.478 -8.875 3.706 20
2.629 -8.834 3.653 20
2.682 -8.645 3.619 21
2.54 -8.728 3.671 20
2.419 -8.906 3.631 20
2.275 -9.0 3.63 20
2.252 -8.974 3.566 20
2.437 -8.792 3.736 20
2.394 -8.758 3.63 20
2.31 -8.66 3.436 21
2.168 -8.729 3.265 20
2.049 -8.977 3.285 20
2.288 -9.026 3.497 20
2.538 -8.802 3.559 20
2.485 -8.771 3.499 20
2.258 -8.682 3.477 20
2.264 -8.746 3.514 21
2.372 -8.854 3.562 20
2.58 -8.803 3.54 20
2.553 -8.793 3.725 20
2.397 -8.886 3.798 20
2.313 -8.752 3.585 20
2.229 -8.824 3.692 20
2.365 -8.801 3.683 21
2.546 -8.742 3.6 20
2.554 -8.669 3.728 20
2.497 -8.678 3.57 20
2.364 -8.815 3.852 20
2.395 -9.034 3.859 20
2.501 -9.073 2.958 20
2.532 -8.936 2.937 21
2.618 -8.46 3.141 20
2.701 -8.555 3.462 20
2.703 -8.752 3.676 20
2.425 -8.951 3.739 20
2.399 -8.899 3.456 20
2.381 -8.705 3.521 20
2.548 -8.521 3.505 21
2.67 -8.595 3.613 20
2.778 -8.655 3.708 20
2.595 -8.72 3.683 20
2.471 -8.759 3.668 20
2.568 -8.736 3.654 20
2.54 -8.819 3.788 20
2.458 -8.819 3.786 21
2.368 -8.769 3.639 20
2.425 -8.76 3.706 20
2.496 -8.799 3.616 20
2.4 -8.646 3.434 20
2.382 -8.611 3.35 20
2.455 -8.776 3.365 20
2.609 -8.898 3.384 21
2.693 -8.857 3.531 20
2.686 -8.86 3.574 20
2.665 -8.879 3.538 20
2.658 -8.81 3.386 20
2.741 -8.832 3.458 20
2.631 -8.821 3.544 20
2.469 -8.843 3.396 21
2.317 -8.798 3.331 20
2.333 -8.764 3.198 20
2.517 -8.865 3.459 20
2.639 -8.723 3.333 20
2.642 -8.606 3.382 20
2.638 -8.666 3.37 20
2.528 -8.802 3.334 21
2.46 -8.967 3.381 20
2.375 -8.962 3.578 20
2.625 -9.05 3.458 20
2.698 -8.89 3.553 20
2.659 -8.761 3.426 20
2.617 -8.814 3.426 20
2.5 -8.954 3.327 21
2.401 -8.972 3.418 20
2.42 -8.977 3.481 20
2.454 -8.889 3.234 20
2.489 -8.872 3.224 20
2.517 -8.767 3.339 20
2.513 -8.802 3.301 20
2.585 -8.9 3.334 20
2.66 -8.852 3.262 21
2.548 -8.923 3.256 20
2.611 -9.102 3.514 20
2.791 -8.812 2.979 20
2.775 -8.964 3.078 20
2.727 -8.923 3.112 20
2.66 -8.922 3.094 20
2.587 -8.889 3.416 21
2.624 -8.945 3.369 20
2.527 -8.868 3.619 20
2.553 -8.821 3.623 20
2.575 -8.787 3.46 20
2.702 -8.759 3.391 20
2.79 -8.772 3.482 20
2.912 -8.772 3.28 21
2.677 -8.853 3.414 20
2.59 -8.805 3.38 20
2.425 -8.779 3.208 20
2.414 -8.88 3.207 20
2.444 -8.919 3.338 20
2.55 -8.791 3.317 20
2.711 -8.688 3.274 21
2.718 -8.818 3.173 20
2.773 -8.785 3.463 20
2.728 -8.704 3.428 20
2.602 -8.795 3.374 20
2.51 -8.968 3.434 20
2.593 -8.936 3.513 20
2.655 -8.755 3.585 21
2.72 -8.838 3.589 20
2.68 -8.723 3.55 20
2.623 -8.819 3.444 20
2.551 -8.74 3.383 20
2.579 -8.696 3.178 20
2.63 -8.839 3.329 20
2.707 -8.965 3.583 21
2.684 -8.918 3.527 20
2.739 -8.749 3.546 20
2.643 -8.801 3.333 20
2.652 -8.878 3.23 20
2.644 -8.754 3.378 20
2.584 -8.686 3.247 20
2.58 -8.664 3.152 21
2.502 -8.924 3.352 20
2.596 -8.976 3.524 20
2.711 -8.802 3.417 20
2.733 -8.755 3.367 20
2.748 -8.854 3.429 20
2.768 -8.846 3.425 20
2.655 -8.737 3.533 21
2.81 -8.719 3.353 20
2.989 -8.779 3.22 20
2.982 -8.77 3.269 20
2.905 -8.762 3.377 20
2.753 -8.871 3.476 20
2.722 -8.83 3.446 20
2.788 -8.781 3.373 21
2.741 -8.743 3.394 20
2.81 -8.625 3.464 20
2.813 -8.587 3.549 20
2.818 -8.664 3.469 20
2.756 -8.822 3.141 20
2.645 -8.851 3.147 20
2.832 -8.546 3.151 21
2.971 -8.732 3.42 20
2.887 -8.952 3.368 20
2.931 -8.947 3.374 20
2.845 -8.723 3.274 20
2.71 -8.608 3.167 20
2.562 -8.752 3.102 20
2.512 -8.724 3.086 21
# end
#Tue Apr 07 10:47:11 PDT 2015