0.016864026078737184,-0.45295761770221776,0.39267680264204624
0.01763246941629682,-0.45476938992056565,0.39453027791134454
0.019237310670178656,-0.45808307153347577,0.39754723308874873
0.02179013466190754,-0.4623543397168973,0.40055337692940307
0.025412889063533384,-0.4669259239335363,0.40223424262827057
0.03017792125439926,-0.4711507129961162,0.40148537373927295
0.03603573602283231,-0.47448272557606563,0.3976626215584815
0.04276327880713198,-0.4765265653337334,0.3906681307043523
0.04994207556248776,-0.477053824575375,0.3808918235176174
0.05700287663123762,-0.4760045834909019,0.369061293011607
0.06332377984176653,-0.4734801087932298,0.3560796622336907
0.06836585633072229,-0.4697311643968404,0.3429020541241515
0.0718040271563697,-0.465123638982907,0.33046653577303964
0.07360670329926569,-0.46008721480574233,0.31963191261821156
0.07403499026827212,-0.4550515766534524,0.31110713188045963
0.0735612125868911,-0.450383943541518,0.3053592662651308
0.0727309535526365,-0.4463397243101397,0.30253191179438566
0.0720248614010648,-0.4430375131817411,0.30240283426713443
0.07175878928949908,-0.4404582422922211,0.30441904240452566
0.0720575211328217,-0.4384702819843043,0.30781026450677784
0.07289842205663667,-0.4368766266508064,0.31174371317625676
0.07418170527189884,-0.4354757556561374,0.31548130664418755
0.07580066342783108,-0.4341220256218129,0.31850547146922875
0.07766936802947877,-0.43276655858282537,0.3205765415885682
0.07971054834969062,-0.43147051319470203,0.3217415718581042
0.08181689117340897,-0.430381304014237,0.3222783264488967
0.0838151609926845,-0.42969276852808586,0.32258702948936624
0.08545771960393976,-0.42959181576917743,0.32306158356341236
0.08645931772726624,-0.43021490638817766,0.32397121890095965
0.0865665124627628,-0.4316180618498019,0.3253752019759075
0.0856449701343521,-0.43375798813872946,0.3271143416069729
0.0837495419634286,-0.43649186189280853,0.32886119484586496
0.08114990136284396,-0.4395924485432521,0.3302262322480489
0.07829168428216718,-0.442779796925784,0.3308649301336132
0.07569572886998682,-0.44577918513676923,0.3305562057291102
0.07383249109971715,-0.44838007761160964,0.32923248398860255
0.07300990685154995,-0.45048652071020284,0.3269512529164791
0.07330941443769054,-0.4521315572113837,0.3238275157828151
0.07460262585146399,-0.4534556620762429,0.3199539023664222
0.07662903723256298,-0.4546578538379025,0.3153250696252803
0.07909553009417811,-0.4559398356398662,0.3098000263954101
0.08176362010617072,-0.45746391806158365,0.30309129512320826
0.08448665000186964,-0.4593359606193436,0.2948136404634243
0.08718636637361733,-0.46160423554514973,0.2845609061492515
0.08979898042936618,-0.46426404731442494,0.2720144571808446
0.09222270725629395,-0.4672549257900766,0.2570367303593137
0.09429448251743788,-0.4704435278248749,0.23975598873719486
0.09580873110303025,-0.4736053099776168,0.22059116155474548
0.0965726851805766,-0.47642701874142684,0.20023011066052138
0.09647573796156766,-0.4785389556820401,0.17955757097324715
0.09554271669886476,-0.47958001097695085,0.15956401850822596
0.09394751001865828,-0.47928632808747734,0.1412492343539935
0.09197679804505796,-0.477574263091403,0.12553841387651865
0.08996019359155553,-0.47458363642155854,0.11320972321011144
0.08819154558285028,-0.4706598026917354,0.10482059736801164
0.08686728025291696,-0.4662776892561973,0.10063318823475992
0.08606764708055056,-0.46192269779626555,0.10055961833308813
0.08577404840626143,-0.4579817186895821,0.1041574429030831
0.08591751232796288,-0.4546765467484827,0.11070380103482395
0.08642315497591868,-0.4520621522860032,0.11935425931636842
0.0872411110315035,-0.45008878565483784,0.1293389558384835
0.08834888305961162,-0.44868833412946735,0.1401316239619761
0.08972947359122747,-0.4478429768680534,0.1515188532184591
0.09134471519317522,-0.44760719267593263,0.16351997031236182
0.09311038077788725,-0.44807168899590627,0.1762048591187702
0.09488806040770335,-0.449290938112167,0.189471801030043
0.09649120915766898,-0.4512137082484661,0.20289455562103356
0.09770123694267888,-0.4536433276630702,0.2157026972718661
0.09829530407862128,-0.45625796249676104,0.22690538662038662
0.09807961004769152,-0.4586806603856664,0.23552006844533702
0.09693018235531199,-0.46056693139681937,0.2408197666857806
0.09482947634621042,-0.46168208946126393,0.24251979688812622
0.0918928942062968,-0.4619480656930527,0.240846530103514
0.08836429630665314,-0.4614409225549558,0.2364704144836203
0.08457956322028168,-0.460353605740609,0.2303381744503447
0.08090328257408946,-0.4589336788072728,0.22343346937930814
0.07766539885453737,-0.45741839416050817,0.21656063658288446
0.07510716356816792,-0.45598258415594095,0.2101805088147578
0.07336243434219482,-0.45470924284828135,0.20436739574872576
0.07246950890294583,-0.4535934755766898,0.198866757949845
0.0724072430067999,-0.4525722124225238,0.1932509403086111
0.07313206180148721,-0.45156781540221663,0.18711139913054672
0.07460139270935343,-0.4505271026065703,0.18024083131594648
0.07677558590836647,-0.4494464656884795,0.17273091403224816
0.07960844173923859,-0.44837554692911613,0.1649758185007023
0.08302373804755361,-0.4473838142067309,0.15758240969713097
0.08690234209832923,-0.44656014820476847,0.151204886511975
0.09108180405590253,-0.44599237571774347,0.14639952532559225
0.09536694215366842,-0.4457645348718243,0.14349961247005805
0.09955743747595282,-0.4459619688068545,0.14257888336666355
0.10347679730633084,-0.4466823480609651,0.14343717196102257
0.10700257919044226,-0.44801041428056004,0.1456697080969137
0.11009827127228844,-0.44998867148563154,0.14873201400567768
0.11284255840503785,-0.45257587442743735,0.15202592692182076
0.11545668604829111,-0.4556261649319431,0.1549799784554373
0.11833229419936345,-0.45890135523571224,0.15712108586979392
0.1220563469592673,-0.46214093563713526,0.1581369289679487
0.127419721849686,-0.46516034624823693,0.1578881037033429
0.13542565293540101,-0.46797937801929906,0.15636179461388675
0.14729520635347604,-0.4709288374844618,0.15356658903699572
0.1644658367472565,-0.4746963685318947,0.14939444532091828
0.18857592976357132,-0.4802799486697993,0.14350280304917779
0.22141909174115312,-0.4888524727013697,0.1352434165849605
0.26485011686910737,-0.5015686073054646,0.12364703088921968
0.32063658973566955,-0.5193536459070279,0.1075233596922025
0.39025483694724733,-0.5427230650494952,0.08566612313275933
0.4746706015390475,-0.5716390852220394,0.05719158583049262
0.5741508741184134,-0.605403763915354,0.021985166406199876
0.6881610333572497,-0.642553687904783,-0.0188422491554372
0.8153884953821938,-0.6807751169841517,-0.06257936047686827
0.9538953480914885,-0.716896892681842,-0.10473272386107285
1.1013454768471957,-0.7470612413826045,-0.13916547426889686
1.2552379669070102,-0.7670873298351683,-0.15857771961899772
1.4130356146882592,-0.772991423047305,-0.1552586502428005
1.5721253817347958,-0.7615840529245079,-0.12196466788262725
1.7295833126948004,-0.7309444768837937,-0.052803915729938054
1.8818649719417555,-0.680654623044127,0.05605551373293061
2.0245969276938047,-0.6117105675863211,0.20593105541961645
2.1526178069114286,-0.526265731065045,0.3954841511189636
2.260352786612089,-0.4272978746775432,0.6208436023595914
2.342416635817946,-0.3183895577954206,0.8758118689392995
2.3942581500343483,-0.20358081569728945,1.1520422549780103
2.412544997017333,-0.08724260136780938,1.4391936958855356
2.3951502870925507,0.026176985246083983,1.725241897610478
2.340744368730499,0.13260018478258997,1.9971522062059228
2.248191773914688,0.2289351363643395,2.242153622004405
2.116091332260955,0.31369137403975755,2.4496155940179403
1.9426953733878483,0.3874024623114411,2.6131525983250135
1.7263535989976,0.4526777947604758,2.7323060244515123
1.4663919784480182,0.5138097399723687,2.8129930649284414
1.1642143475754219,0.5759394793467181,2.866541734165346
0.8242377132044435,0.643894190022646,2.907390480769239
0.4543066937313352,0.7208873429165875,2.95002263524982
0.06544531873013174,0.8073623314031689,3.0059877814587317
-0.3290280689790656,0.9002485390442747,3.0817880954079073
-0.714831306007799,0.9928888930831969,3.1779422218218696
-1.0781885364697694,1.0757354486258486,3.2893321521375642
-1.4070977887632055,1.1378508973612793,3.406441469444399
-1.6921248715328054,1.1689428936550244,3.5166460026634607
-1.926648365846907,1.1614876974168957,3.6052914930648337
-2.106858013814309,1.1122600920279448,3.656268241954156
-2.23166584016581,1.02335787222083,3.6521576359812973
-2.3026445312174766,0.90216579874944,3.5743182993036346
-2.3241149152257274,0.7603963237680204,3.4031373183337577
-2.3032984573338187,0.6126900272328348,3.1197090978389
-2.250261798400503,0.4751100948972017,2.7086765452967514
-2.1773600365793717,0.363880093284247,2.1623590409936106
-2.0980726267225753,0.2944302212001487,1.4854197664048043
-2.0252367629090577,0.2804260803003,0.6991110769464774
-1.9691023620554886,0.3324102022568801,-0.15626054264579933
-1.9357297619458467,0.45585393375410516,-1.0220116347561277
-1.9263701984578836,0.6489931017782342,-1.8261344230713457
-1.938214566801736,0.9012632946456084,-2.4929863635285265
-1.9663056100134522,1.193428702415032,-2.9564380201495086
-2.0058980467530754,1.5000606679626856,-3.1737964864447936
-2.054200027617229,1.7941512425674009,-3.136583270250548
-2.1106767573751393,2.052581275692843,-2.874391070921459
-2.1757507592411183,2.2606532388527194,-2.449662429091225
-2.2485787758470153,2.4141802456772674,-1.9441047016036306
-2.325171001582664,2.5185237000788505,-1.4404723435779292
-2.397953152086634,2.585201485894238,-1.0051418774660268
-2.4572559776865672,2.6274958912248763,-0.6767128245247942
-2.4941685824157713,2.656658323155269,-0.46339876717282696
-2.5035233299820643,2.6797862387414266,-0.34891858556639266
-2.4856554295397877,2.6996550847607703,-0.3034640552427581
-2.4461949942078465,2.716001686370181,-0.29528338606048465
-2.3941334444220357,2.72737370957013,-0.2992283079537051
-2.339040133282781,2.7327513781673147,-0.30056735395285517
-2.2885357824093773,2.732430294690584,-0.2944237817690778
-2.2468519919915857,2.7280789952810705,-0.28265952664347765
-2.214751202155504,2.722154636028284,-0.2701446500648241
-2.190514860809071,2.7171108905951895,-0.2617073107179056
-2.171373724501994,2.714739724406692,-0.2607256043885415
-2.1546700187928582,2.7159119661772206,-0.2690515669052676
-2.138573517605451,2.720376191787937,-0.2876100444411013
-2.1222696695635985,2.726990042325723,-0.31713820794523795
-2.1056894106831736,2.7340473349715264,-0.3583904563384536
-2.089042880453752,2.7395025101297983,-0.4122899355687994
-2.072396768169601,2.741181435823296,-0.47944260080601486
-2.055337724919893,2.7369283543621235,-0.5597790035005089
-2.0366782136814012,2.7247194955625864,-0.6524343613785091
-2.0142491282128563,2.7027929253133216,-0.7559172596865674
-1.9848048673745444,2.6696971367409295,-0.8685118860398011
-1.9440949508523226,2.6243243235844274,-0.9885503570039135
-1.8871578911618918,2.565894335129585,-1.11440466675827
-1.8089557013610875,2.494051407910211,-1.2442042873820123
-1.7053350667681992,2.409116503734145,-1.3754658506621378
-1.5741430752090952,2.312476443239191,-1.5048566955640303
-1.416254159572138,2.207009708921061,-1.6282136091326824
-1.2362196467853077,2.0973979160775946,-1.7406916458343666
-1.0422842352601227,1.9901200997615143,-1.8369448402409183
-0.8456925523470592,1.8929947289714053,-1.9113416832641164
-0.6593566673748582,1.8142758221195017,-1.9583852787364602
-0.4960997713024271,1.7614181655881371,-1.9734852472022655
-0.3668153224610714,1.739786184611409,-1.954024849049576
-0.2788614108438036,1.751575287077273,-1.9005108009942768
-0.23504054013439132,1.7952106831823176,-1.8172611383288488
-0.23334879601912334,1.8652662843370402,-1.7122614498399595
-0.26745025975425696,1.952920009758496,-1.596048530583051
-0.3277012846417117,2.0468284488617488,-1.4798408348216814
-0.4024204344108151,2.1342202433086976,-1.3734192006058443
-0.4790824096811366,2.2020567731032163,-1.2833110941844197
-0.5452900261805856,2.2382004649623375,-1.211735574656193
-0.5893943161526726,2.23248965408639,-1.156588933287241
-0.6009815903732632,2.1777228578504295,-1.1123216857948348
-0.5713304631760204,2.0704807902805857,-1.0715927171100355
-0.4939395557745347,1.9115793961249605,-1.0273147988517293
-0.365073661776905,1.7059469499710018,-0.9745605560015501
-0.18419393965550768,1.4618123436363344,-0.9117011575567059
0.045858647980735884,1.1892550049260324,-0.8406617188971004
0.3189884205280207,0.8984239628811874,-0.7662296480055586
0.6261807317812417,0.5979673046595738,-0.6947674264775651
0.9559779459299449,0.294316324364343,-0.6326567445369292
1.2950302609124371,-0.007995402588159058,-0.5849627489063575
1.6288210661927922,-0.3050742638115306,-0.5546178032377641
1.9426628081459807,-0.5920091238024175,-0.5419933981427629
2.2227515715808623,-0.8615541058842946,-0.5450207605548846
2.457234761661823,-1.1037091273143322,-0.5595086407804624
2.6369881132150743,-1.306658707271969,-0.5799123805980704
2.7558352292255384,-1.458866640598289,-0.6005368939015429
2.810196243820925,-1.5517615952773867,-0.6170958557433158
2.798468422379306,-1.5822404922646325,-0.6283389374348707
2.720572081634251,-1.5541922644944806,-0.6371527324216457
2.5780844475132225,-1.4784523884633236,-0.6505164944261583
2.3750912116666667,-1.3709994484449406,-0.6779167917877973
2.1194374171126595,-1.2497718298249443,-0.7284070103224916
1.823689170314512,-1.1309197576889052,-0.8071632798798694
1.5050950217171615,-1.0256142085747246,-0.9127809367076753
1.1840990682762307,-0.9383981931148988,-1.036438384997841
0.8816232268493033,-0.8675666950553066,-1.163492525667172
0.6158076680297297,-0.8072917163929225,-1.2770334936675405
0.39919550190047925,-0.7506571259560575,-1.3621702258507151
0.23726262330579143,-0.6924536585063347,-1.4095590892855123
0.12864737641019772,-0.6308214879759483,-1.4170674770864229
0.06680069663435845,-0.5673926671390533,-1.3892613770990714
0.04234721954234306,-0.5062127638596843,-1.3352701000881932
0.045246619058827986,-0.4520440639821034,-1.2659819182832377
0.06629119170907094,-0.40877253858068124,-1.191653225294188
0.0977154547658323,-0.3784011211887767,-1.1203915521600711
0.13320342885480893,-0.36074948788651556,-1.0576678037173333
0.16770419232424777,-0.3537632797632446,-1.0066226863009315
0.19735681471775607,-0.35418333971979543,-0.9687599492685859
0.21963308789398156,-0.3583239910222507,-0.9445427794016836
0.23352869934228657,-0.36271775731624817,-0.9337451392853839
0.23960993709992348,-0.36458741986695825,-0.9355184397377888
0.23972804026913788,-0.36217332397096014,-0.9483237084911004
0.23646583869474144,-0.35482492336022203,-0.9698225986330256
0.23243603185859962,-0.34293844820459674,-0.9969044109175652
0.22968638053083787,-0.3277214141582199,-1.0259471662391164
0.2294643232053915,-0.31090133445717905,-1.0531822483513698
0.23225523674027204,-0.2944055595811258,-1.07524575704508
0.23805959506780253,-0.2800208786623808,-1.0895936813627336
0.24672847039150891,-0.26912211355100835,-1.0947809298011786
0.25816515465285544,-0.2625007873308164,-1.0905127252243851
0.27234341632093545,-0.26032226550086024,-1.0775117240687178
0.2891892840377143,-0.2621946053390958,-1.0572250895998692
0.30842806130286154,-0.2673127916691133,-1.0314422755179786
0.3294880854663011,-0.274638100849281,-1.0019069226395947
0.3514962728205263,-0.28304403457585037,-0.9699728624484182
0.3733472514943121,-0.291424358616979,-0.9363831038301929
0.3937976887300551,-0.2987662853873072,-0.901217948309852
0.41154410981785394,-0.30421816568155025,-0.8640068388056035
0.42527338092352407,-0.30718239036512895,-0.823960880529791
0.43370838099680964,-0.3074296787999501,-0.7802589300710353
0.4356844280787585,-0.30521560085768096,-0.7323116994475825
0.4302533239797399,-0.3013326675295909,-0.6799398872765199
0.4168224849752764,-0.297034272174901,-0.6234305380316513
0.39531063991800414,-0.2938165077587521,-0.563506712608928
0.36628413051738123,-0.29309123915901863,-0.5012460243448037
0.33103157938171385,-0.29584599677305434,-0.43799114616913387
0.29154416810528555,-0.302401198648172,-0.37526989393240107
0.2503739190631391,-0.3123382267725502,-0.31469402003346825
0.21036749507395444,-0.32461791379542937,-0.257834302181529
0.17432899392565135,-0.3378499885779852,-0.20605557217122714
0.14467627356645138,-0.3506202566436484,-0.16032693625902147
0.12316517411210022,-0.3617764760757213,-0.1210658949997107
0.11073368033371726,-0.37062022736657685,-0.08805886319876269
0.10746976013350723,-0.3769601837491334,-0.06051913580375866
0.11269004760266617,-0.38105745899714627,-0.037260906114841244
0.12508837706170842,-0.38349712709323525,-0.01694851317425822
0.1429290244283063,-0.3850279509318189,0.001653961286745032
0.16425450795420732,-0.3864079371453894,0.019510888729521562
0.18708800516290627,-0.3882776723791564,0.03724144685163957
0.2096127827296681,-0.39106107465405715,0.05514254755357856
0.23029990962494393,-0.39491598911490494,0.07323736295713397
0.24797443143912673,-0.3997344813204358,0.09134271592178428
0.2618341519444253,-0.4051957453353772,0.10911998082124959
0.2714266851055938,-0.410857614101301,0.126126049981815
0.2766039159144325,-0.41626043546904573,0.14188389558351644
0.2774684799680908,-0.42101962402638476,0.15597792292479917
0.2743226890993702,-0.4248735051022655,0.168147734843307
0.26761829507755386,-0.42769641249679996,0.1783475489144314
0.2579142436124839,-0.42947139126464245,0.18674456314703156
0.2458383915225168,-0.4302501140847638,0.193664950046428
0.23205229352773954,-0.430126929112177,0.19950164223398528
0.21721759777263594,-0.42924209974740024,0.2046350517483772
0.20196565277088985,-0.42780672472454584,0.20938757319708443
0.18686069333733446,-0.4261217158104516,0.21401560709864004
0.172378430765285,-0.4245714476854933,0.21871985963166574
0.15889260686944,-0.42358466331339856,0.22365143682930833
0.1466763869144054,-0.4235494004366959,0.22888704707419963
0.13591920211942604,-0.4247111596702148,0.23437545948241878
0.1267430531462626,-0.4270790983665004,0.23988528182936356
0.11920715626879003,-0.4303820130959215,0.24497768427493083
0.11331387505729452,-0.4341051682580623,0.24902621768062352
0.109006259962833,-0.4376074517782758,0.25131472872849625
0.10616102275974458,-0.4402865581328484,0.2511686053265963
0.10458749644597864,-0.4417451918244151,0.24811308149192138
0.1040300282651117,-0.4419023662023454,0.24199880381092959
0.10417789820644795,-0.44100419093656634,0.2330619794412979
0.10467973174645345,-0.43953437762531994,0.2219193358960619
0.10518284786159057,-0.43805572067690424,0.20950348811029482
0.10538208724725075,-0.437039771717953,0.19694526602574353
0.10508106297021301,-0.43674140548263335,0.18543927619805128
0.1042503659057631,-0.43714990400718995,0.17609356070568638
0.10305366246905301,-0.4380186977465256,0.1697839633232543
0.10183398705592174,-0.4389534967773429,0.1670227813774193
0.10105093183999314,-0.43952423926955697,0.1678830984543632
0.10118044793157395,-0.43936874970736145,0.17200076007630685
0.10260201548047826,-0.43827622060349614,0.17867775507919667
0.10550595442509576,-0.43623338795935745,0.18705555938173188
0.10984766767089887,-0.43343500789252765,0.19631081932457578
0.11535842741163786,-0.43025488466261697,0.20581423608258337
0.12160954728362766,-0.42718101621564547,0.21520341796903772
0.12810560548482042,-0.42471679720647587,0.224347211243011
0.1343698753445978,-0.4232716661835625,0.23324146003166335
0.1400086510807954,-0.42306071132261275,0.24186135405571588
0.1447398099107906,-0.4240366495044672,0.2500530039234918
0.14838850076503643,-0.42588098699527144,0.2574819775757687
0.15087383634789256,-0.4280678362316499,0.2636593727375696
0.1521949408471867,-0.42999218182981597,0.2680442515711781
0.15242513815142508,-0.4311360974442341,0.2701934695135475
0.15170927569317577,-0.4312199079729694,0.26991107653871393
0.1502514192798408,-0.4302977825538004,0.2673594490052516
0.148286847873268,-0.4287458793989,0.26307536219665223
0.14604396418226964,-0.4271521679001285,0.25787629464936124
0.14369677768166927,-0.4261369549179556,0.2526630718079625
0.14132447587743718,-0.4261608495979271,0.24819378350311763
0.13890460754313944,-0.42739775420079845,0.24488786349190553
0.13633673414493944,-0.429703930312292,0.24273796561256636
0.13349128529435478,-0.43268534919633284,0.24134571985650094
0.13027096592448287,-0.435825717734511,0.24006666589336
0.12666079873967864,-0.4386266221344641,0.23821101346571402
0.1227512427224832,-0.4407132423146428,0.23522021383815883
0.11873149674536503,-0.44188304554779845,0.23077901255653277
0.11486767520874333,-0.4421063063438971,0.22487501025685352
0.11147083830196106,-0.4414915288063455,0.21775915005019253
0.10886432488177135,-0.4402377091338316,0.2098849381525053
0.10734718889923121,-0.43858570112365597,0.20181276351132507
0.10714760664979378,-0.4367754213194436,0.19411801219178249
0.1083787768926412,-0.43500801935562716,0.18731081656719725
0.11099661875436305,-0.43342118977520305,0.18176744007232631
0.11479414343289876,-0.4320841400027205,0.17770558990299962
0.1194340077253405,-0.43100983037954727,0.17518635482745576
0.12452351773503326,-0.4301852040813841,0.1741439175957525
0.12969810441251564,-0.42960315370468166,0.17441995096674498
0.13468118113758062,-0.4292875396750509,0.17580178753745201
0.13929328726731463,-0.4292963023112457,0.17803772530829892
0.14341747971131258,-0.4297022788410181,0.18083973678254958
0.1469340730976319,-0.430556960560961,0.18388437515715747
0.14966734734636686,-0.431853120038261,0.18681898695635193
0.15137103483263162,-0.43349937726758675,0.18929532126297313
0.15176011309340048,-0.4353216097240423,0.19101662129469132
0.15058679274373335,-0.437097243590632,0.19178943814123736
0.1477282357802558,-0.4386129765496078,0.19154472589079918
0.14325972005250442,-0.4397243391074732,0.19033542960104707
0.1374892141856395,-0.4403951121073001,0.18830191291584028
0.13094337387835803,-0.4407001258859203,0.18562843238631513
0.12430168441359082,-0.4407866304455991,0.18250872397775814
0.1182957983916795,-0.4408119645547695,0.17914605564349315
0.11359608794089121,-0.44087864143452904,0.17575345108800283
0.11070013137634924,-0.4409953437061062,0.1725595666773135
0.10985648822220456,-0.44107874696394034,0.1697961905084399
0.11103688179157896,-0.440994125143736,0.16765607132122265
0.11395785291150426,-0.44061933219948435,0.16626367697476535
0.11814684685269666,-0.4399051478181102,0.16566065267390395
0.1230301189590883,-0.4389025036664709,0.16582862155873362
0.12802005533678779,-0.4377552377488111,0.16672571235953113
0.13259316211537645,-0.4366488158748181,0.16830776529676478
0.13634032781430672,-0.43574508149868624,0.170548354005956
0.13900255965368716,-0.4351249789346017,0.17340750607788993
0.14048738836777955,-0.43476724248694426,0.17679833117736587
0.14087177592727815,-0.4345705313650187,0.18056074750744527
0.140379613569529,-0.43440928196861184,0.18445989660663048
0.13933850980774337,-0.43420014788474265,0.18822086528369278
0.1381065650069152,-0.43394657553217425,0.19157185661889548
0.13699592707495256,-0.433745282756949,0.19428525629612117
0.13620028159510772,-0.43374021221275855,0.1961955715365905
0.13575397944959755,-0.4340529699223988,0.1971907801146738
0.1355352072907568,-0.4347057993922561,0.19718603565488887
0.1353132842587262,-0.4355804010738407,0.19610788558348505
0.13482656114711628,-0.436428525289526,0.19389792217054416
0.13387046572509786,-0.43693046117354356,0.19055247055940575
0.13236980978921525,-0.4367877694050297,0.18617634294611585
0.1304117194783719,-0.43581375843978715,0.18103451314289448
0.12822943138769996,-0.43398939550321497,0.17557130099190144
0.12613503539410745,-0.43146998470916015,0.17036745401234166
0.12442955065045308,-0.42854265411614545,0.16605964666546547
0.12331970046555997,-0.42555701282420677,0.1632229164105129
0.12287091550929528,-0.42285209614545904,0.16226968909206727
0.12301132945876324,-0.4207016984875983,0.16338904511224964
0.1235799037853509,-0.41928721338094826,0.16653617463117612
0.1243930826702736,-0.4186945430250608,0.1714672670197056
0.12530241935964528,-0.4189231470429145,0.17779869528944375
0.12622681059334181,-0.4198984108679739,0.18506828275534234
0.12714964197107123,-0.42148626290069374,0.19278805533264284
0.12808949500323835,-0.4235018039529932,0.20048210980372275
0.12905852504521312,-0.42572211440602375,0.20770059793910542
0.13002692473242514,-0.42790189079536545,0.21403663871605494
0.13091455118681716,-0.4297995004833024,0.2191341683919219
0.131606112970565,-0.4311998259586104,0.22270428317341687
0.1319873573162208,-0.43194303882848856,0.22454299027198102
0.0,0.0,0.0
0.0,0.0,0.0
0.0,0.0,0.0
0.0,0.0,0.0
0.0,0.0,0.0
0.0,0.0,0.0
0.0,0.0,0.0
0.0,0.0,0.0
0.0,0.0,0.0
0.0,0.0,0.0
0.0,0.0,0.0
0.0,0.0,0.0
0.0,0.0,0.0
0.0,0.0,0.0
0.0,0.0,0.0
0.0,0.0,0.0
0.0,0.0,0.0
0.0,0.0,0.0
0.0,0.0,0.0
0.0,0.0,0.0
0.0,0.0,0.0
0.0,0.0,0.0
0.0,0.0,0.0
0.0,0.0,0.0
0.0,0.0,0.0
0.0,0.0,0.0
0.0,0.0,0.0
0.0,0.0,0.0
0.0,0.0,0.0
0.0,0.0,0.0
0.0,0.0,0.0
0.0,0.0,0.0
0.0,0.0,0.0
0.0,0.0,0.0
0.0,0.0,0.0
0.0,0.0,0.0
0.0,0.0,0.0
0.0,0.0,0.0
0.0,0.0,0.0
0.0,0.0,0.0
0.0,0.0,0.0
0.0,0.0,0.0
0.0,0.0,0.0
0.0,0.0,0.0
0.0,0.0,0.0
0.0,0.0,0.0
0.0,0.0,0.0
0.0,0.0,0.0
0.0,0.0,0.0
0.0,0.0,0.0
0.0,0.0,0.0
0.0,0.0,0.0
0.0,0.0,0.0
0.0,0.0,0.0
0.0,0.0,0.0
0.0,0.0,0.0
0.0,0.0,0.0
0.0,0.0,0.0
0.0,0.0,0.0
0.0,0.0,0.0
0.0,0.0,0.0
0.0,0.0,0.0
0.0,0.0,0.0
0.0,0.0,0.0
0.0,0.0,0.0
0.0,0.0,0.0
0.0,0.0,0.0
0.0,0.0,0.0
0.0,0.0,0.0
0.0,0.0,0.0
0.0,0.0,0.0
0.0,0.0,0.0
0.0,0.0,0.0
0.0,0.0,0.0
0.0,0.0,0.0
0.0,0.0,0.0
0.0,0.0,0.0
0.0,0.0,0.0
0.0,0.0,0.0
0.0,0.0,0.0
0.0,0.0,0.0
0.0,0.0,0.0
0.0,0.0,0.0
0.0,0.0,0.0
0.0,0.0,0.0
0.0,0.0,0.0
0.0,0.0,0.0
0.0,0.0,0.0
0.0,0.0,0.0
0.0,0.0,0.0
0.0,0.0,0.0
0.0,0.0,0.0
0.0,0.0,0.0
0.0,0.0,0.0
0.0,0.0,0.0
0.0,0.0,0.0
0.0,0.0,0.0
0.0,0.0,0.0
0.0,0.0,0.0
0.0,0.0,0.0
