# Accelerometer Values
# filename:  fistbump__1.txt
# Saving start time: Tue Apr 07 10:52:06 MST 2015

# sensor resolution: 0.039230347m/s^2
#Sensorvendor: Invensense Inc., name: Invensense Accelerometer, type: 1,version : 4, range 19.613297

# X value, Y value, Z value, time diff in ms
5.482 -7.834 1.893 21
5.342 -7.856 1.906 20
5.293 -7.89 1.893 20
5.196 -7.773 1.92 20
5.198 -7.753 2.205 20
5.161 -7.89 2.2 20
5.225 -8.108 2.056 20
5.318 -8.146 2.094 21
5.446 -8.023 2.184 20
5.497 -7.894 2.041 20
5.552 -7.936 1.944 20
5.695 -8.146 1.862 20
5.674 -8.077 1.975 20
5.698 -7.751 1.963 20
5.627 -7.658 1.763 21
5.525 -7.674 1.628 20
5.578 -7.726 1.559 20
5.439 -7.691 1.637 20
5.359 -7.862 1.786 20
5.454 -7.955 2.056 20
5.598 -7.918 2.166 20
5.709 -7.947 2.086 21
5.669 -7.677 2.107 20
5.626 -7.52 2.217 20
5.649 -7.503 2.139 20
5.707 -7.565 2.172 20
5.736 -7.585 2.079 20
5.755 -7.52 2.141 20
5.848 -7.508 2.117 21
5.834 -7.577 2.247 20
5.8 -7.611 2.404 20
5.703 -7.514 2.283 20
5.532 -7.272 2.124 20
5.498 -7.312 2.005 20
5.687 -7.439 2.121 20
5.987 -7.596 2.166 21
6.113 -7.623 2.243 20
6.019 -7.455 2.367 20
5.932 -7.422 2.525 20
5.848 -7.429 2.471 20
6.043 -7.569 2.4 20
6.033 -7.428 2.234 20
6.029 -7.212 2.149 21
5.922 -7.25 2.264 20
6.015 -7.42 2.374 20
5.78 -7.438 2.189 20
5.854 -7.186 2.073 20
6.001 -6.98 2.171 20
5.961 -6.692 2.163 20
5.985 -6.652 1.994 21
6.296 -7.102 1.776 20
6.543 -7.37 1.678 20
6.546 -7.065 2.168 20
6.607 -6.995 2.291 20
6.774 -7.218 2.445 20
6.63 -7.546 2.315 20
6.602 -7.33 2.157 20
6.63 -7.063 2.273 21
7.058 -6.821 2.42 20
7.652 -6.343 2.896 20
8.264 -6.182 3.489 20
9.276 -6.475 3.92 20
10.398 -6.732 4.607 20
11.507 -6.111 5.963 20
12.979 -6.257 7.556 21
14.803 -6.072 9.02 20
16.634 -6.181 8.915 20
17.543 -6.4 9.511 20
17.531 -6.251 11.489 20
17.221 -5.233 12.821 20
16.89 -3.756 13.177 20
15.431 -2.548 13.653 21
13.8 -2.406 14.477 20
13.437 -1.164 16.194 20
13.294 -0.352 16.15 20
10.904 0.468 14.571 20
8.378 -0.073 13.36 20
7.323 -0.934 12.59 20
7.122 -1.674 11.181 21
5.663 -1.563 8.269 20
3.214 -1.307 5.865 20
0.518 -1.945 3.89 20
-2.407 -2.1 2.417 20
-4.595 -2.03 1.675 20
-6.897 -2.236 1.215 20
-9.647 -2.835 0.237 21
-11.765 -3.892 -1.204 20
-13.082 -4.668 -2.616 20
-12.522 -5.013 -3.468 20
-11.293 -4.961 -3.329 20
-9.881 -4.407 -3.005 20
-9.498 -4.509 -2.723 20
-9.629 -5.593 -3.036 21
-7.264 -8.292 -3.896 20
-0.11 -10.849 -3.731 20
9.305 -11.592 -2.912 20
16.18 -13.42 -2.745 20
18.455 -17.388 -5.275 20
17.081 -18.057 -11.637 20
11.807 -9.754 -18.671 21
7.125 -1.236 -19.846 20
7.19 2.724 -19.847 20
3.454 0.284 -19.043 20
0.489 -4.431 -14.639 20
-0.365 -8.665 -9.894 20
-1.291 -9.501 -7.096 20
-1.812 -7.914 -5.749 21
-1.656 -6.384 -5.873 20
-1.733 -6.749 -7.342 20
-1.878 -6.399 -8.5 20
-1.431 -5.972 -9.141 20
-0.908 -5.373 -9.146 20
-0.753 -4.912 -8.363 20
-0.191 -4.694 -7.408 21
0.669 -4.932 -6.627 20
0.438 -5.084 -6.636 20
0.256 -5.442 -6.954 20
0.696 -5.676 -7.203 20
1.009 -5.182 -7.019 20
0.75 -4.273 -7.058 20
0.934 -4.188 -7.218 21
1.108 -4.335 -7.462 20
0.923 -3.078 -8.118 20
1.678 -1.939 -8.459 20
2.341 -1.397 -8.69 20
2.836 -0.799 -8.83 20
3.697 0.252 -9.059 20
4.211 1.956 -9.405 21
4.446 3.555 -9.601 20
3.914 4.108 -9.624 20
3.506 3.936 -9.178 20
2.512 4.135 -7.512 20
1.239 4.435 -5.021 20
0.097 5.046 -3.999 20
-1.806 5.144 -5.205 21
-3.536 3.737 -5.226 20
-5.749 1.849 -3.142 20
-5.796 -0.145 -0.183 20
-4.5 -1.16 2.733 20
-2.901 -0.607 5.894 20
-1.32 -0.317 5.907 20
0.414 -0.561 5.771 21
1.686 -0.226 5.39 20
4.245 -0.524 5.606 20
6.0 -1.532 5.611 20
6.703 -2.793 4.665 20
7.663 -4.19 3.521 20
9.793 -5.202 3.342 20
13.151 -6.244 3.409 21
16.484 -5.741 5.449 20
16.049 -5.921 3.852 20
16.048 -10.951 2.081 20
17.163 -15.925 0.861 20
17.73 -15.687 0.617 20
18.824 -14.663 1.11 20
19.606 -13.478 2.458 21
19.654 -11.319 3.437 20
19.095 -8.666 3.4 20
17.696 -5.805 3.72 20
15.533 -4.273 3.453 20
13.329 -5.037 2.467 20
11.195 -7.309 0.513 20
7.083 -10.151 -1.584 21
4.224 -9.975 -3.208 20
3.802 -8.955 -3.2 20
4.662 -8.44 -2.694 20
5.177 -8.234 -2.356 20
5.083 -8.375 -2.375 20
5.246 -8.376 -2.304 20
5.657 -7.996 -1.943 20
6.311 -7.715 -0.999 21
6.135 -7.324 -0.221 20
5.661 -7.752 0.055 20
5.484 -8.412 -0.004 20
5.549 -8.616 -0.072 20
5.811 -8.406 0.142 20
5.459 -8.771 0.259 20
5.076 -8.828 0.546 21
5.578 -8.706 0.631 20
5.647 -8.281 0.525 20
5.381 -8.06 0.583 20
5.085 -8.347 0.596 20
4.678 -9.208 0.875 20
4.379 -9.46 1.039 20
4.123 -8.352 1.42 21
4.423 -7.56 1.388 20
4.487 -7.6 1.202 20
4.325 -7.932 1.195 20
4.016 -8.073 1.384 20
3.803 -8.092 1.514 20
4.064 -8.069 1.677 20
4.162 -7.963 1.708 21
4.175 -8.124 1.626 20
3.893 -8.325 1.888 20
3.649 -8.448 2.042 20
3.641 -8.458 2.136 20
3.967 -8.376 2.202 20
4.294 -8.455 2.065 20
4.446 -8.462 1.9 21
4.354 -8.611 1.783 20
4.534 -8.542 1.88 20
4.662 -8.544 1.973 20
4.606 -8.516 2.141 20
4.487 -8.55 2.153 20
4.371 -8.603 1.964 20
4.282 -8.619 1.676 21
4.459 -8.366 1.567 20
4.597 -8.297 1.79 20
4.553 -8.549 2.095 20
4.426 -8.763 2.033 20
4.342 -8.486 1.997 20
4.176 -8.436 1.782 20
4.222 -8.439 1.649 21
4.101 -8.448 1.08 20
4.133 -8.722 1.475 20
4.251 -8.664 1.524 20
4.476 -8.791 1.752 20
4.437 -8.677 1.912 20
4.419 -8.694 2.296 20
4.541 -8.553 2.091 21
4.41 -8.619 1.832 20
4.474 -8.458 1.679 20
4.649 -8.176 1.767 20
4.704 -8.046 1.721 20
4.389 -8.316 1.617 20
4.276 -8.719 1.771 20
4.305 -8.802 2.114 21
4.59 -8.54 2.348 20
4.663 -8.391 2.272 20
4.647 -8.521 2.068 20
4.584 -8.553 2.099 20
4.481 -8.356 2.157 20
4.443 -8.245 2.052 20
4.152 -8.514 2.052 21
4.127 -8.585 2.002 20
4.176 -8.543 1.91 20
4.409 -8.403 1.794 20
4.558 -8.228 1.801 20
4.51 -8.338 1.888 20
4.295 -8.629 1.97 20
4.309 -8.721 2.003 21
4.447 -8.641 1.985 20
4.469 -8.331 1.905 20
4.412 -8.353 1.899 20
4.383 -8.635 2.066 20
4.48 -8.771 2.136 20
4.446 -8.478 2.321 20
4.333 -8.338 2.081 21
4.241 -8.286 1.83 20
4.21 -8.426 1.801 20
4.309 -8.452 2.048 20
4.46 -8.454 2.113 20
4.388 -8.554 2.379 20
4.297 -8.55 2.325 20
4.391 -8.645 2.022 21
4.447 -8.526 2.026 20
4.482 -8.544 1.875 20
4.431 -8.44 1.928 20
4.378 -8.334 2.11 20
4.252 -8.36 1.996 20
4.227 -8.283 2.045 20
4.315 -8.295 2.026 21
4.296 -8.426 2.148 20
4.55 -8.394 2.191 20
4.696 -8.437 2.304 20
4.477 -8.554 2.216 20
4.439 -8.624 2.328 20
4.26 -8.477 2.184 20
4.375 -8.404 2.006 21
4.58 -8.434 1.765 20
4.591 -8.554 1.529 20
4.535 -8.473 1.485 20
4.412 -8.457 2.031 20
4.424 -8.596 2.298 20
4.578 -8.613 2.679 20
4.583 -8.485 2.492 21
4.502 -8.398 2.313 20
4.433 -8.5 2.062 20
# end
#Tue Apr 07 10:52:12 MST 2015