# Accelerometer Values
# filename:  fistbump.txt
# Saving start time: Mon Apr 06 22:37:28 PDT 2015

# sensor resolution: 0.039230347m/s^2
#Sensorvendor: Invensense Inc., name: Invensense Accelerometer, type: 1,version : 4, range 19.613297

# X value, Y value, Z value, time diff in ms
3.081 -9.152 0.589 20
3.141 -9.176 0.481 20
3.144 -9.15 0.697 20
3.172 -9.244 0.788 21
3.322 -9.251 0.837 20
3.355 -9.192 0.814 20
3.314 -9.225 0.802 20
3.234 -9.232 0.655 20
3.15 -9.094 0.569 20
3.125 -9.238 0.557 20
3.125 -9.201 0.57 21
3.1 -9.212 0.487 20
3.096 -9.219 0.629 20
3.042 -9.221 0.52 20
2.918 -9.263 0.485 20
2.999 -9.192 0.407 20
2.972 -9.214 0.448 20
2.957 -9.327 0.567 20
2.885 -9.446 0.555 21
2.958 -9.391 0.497 20
3.023 -9.271 0.583 20
3.018 -9.267 0.602 20
3.037 -9.138 0.555 20
3.04 -9.114 0.631 20
3.072 -9.152 0.645 20
3.047 -9.193 0.702 21
3.083 -9.309 0.767 20
3.093 -9.131 0.613 20
3.117 -9.178 0.706 20
3.163 -9.179 0.645 20
3.241 -9.237 0.699 20
3.189 -9.276 0.739 20
3.16 -9.177 0.748 21
3.274 -9.198 0.641 20
3.256 -9.273 0.717 20
3.246 -9.281 0.698 20
3.159 -9.372 0.619 20
3.104 -9.36 0.676 20
3.103 -9.272 0.79 20
3.116 -9.209 0.762 21
3.009 -9.165 0.667 20
3.114 -9.141 0.818 20
2.996 -9.211 0.801 20
2.976 -9.271 1.017 20
3.069 -9.224 0.96 20
3.066 -9.198 0.95 20
3.249 -9.342 0.843 21
3.239 -9.05 0.692 20
3.198 -9.155 0.856 20
3.178 -9.214 0.789 20
3.2 -9.287 0.766 20
3.211 -9.169 0.712 20
3.211 -9.199 0.666 20
3.272 -9.144 0.715 21
3.187 -9.059 0.605 20
3.301 -9.143 0.605 20
3.446 -9.146 0.649 20
3.477 -9.119 0.806 20
3.465 -9.208 0.782 20
3.469 -9.333 0.753 20
3.375 -9.195 0.413 21
3.359 -9.039 0.796 20
3.425 -9.079 0.652 20
3.316 -9.051 0.548 20
3.312 -9.135 0.492 20
3.307 -9.176 0.691 20
3.272 -9.227 0.738 20
3.289 -9.156 0.783 21
3.271 -9.115 0.691 20
3.444 -9.051 0.801 20
3.481 -9.047 0.843 20
3.404 -9.166 0.795 20
3.436 -9.185 0.888 20
3.423 -9.226 0.947 20
3.469 -9.161 0.972 21
3.417 -9.052 0.847 20
3.484 -9.013 0.962 20
3.439 -9.073 0.936 20
3.569 -9.082 0.865 20
3.731 -8.983 0.989 20
3.8 -8.862 1.063 20
3.744 -8.961 0.881 21
3.665 -9.029 0.843 20
3.728 -8.966 0.934 20
3.812 -9.087 1.117 20
3.747 -9.1 1.115 20
3.628 -9.157 1.018 20
3.576 -9.15 0.835 20
3.607 -9.117 0.756 21
3.71 -8.994 0.78 20
3.628 -8.96 0.907 20
3.534 -8.94 0.809 20
3.566 -9.043 0.682 20
3.567 -9.098 0.778 20
3.59 -8.933 0.739 20
3.579 -9.001 0.82 21
3.471 -9.123 0.758 20
3.472 -9.027 0.777 20
3.457 -9.06 0.926 20
3.403 -9.096 0.859 20
3.395 -9.232 0.84 20
3.434 -9.017 0.691 20
3.421 -9.028 0.771 21
3.454 -9.107 0.836 20
3.42 -9.143 0.911 20
3.222 -9.177 0.965 20
3.284 -9.035 0.799 20
3.335 -8.895 0.777 20
3.567 -8.865 0.881 20
3.623 -9.048 0.947 21
3.45 -9.166 0.925 20
3.39 -9.128 0.824 20
3.557 -9.107 0.93 20
3.673 -8.839 1.077 20
3.76 -8.921 0.83 20
3.726 -8.969 0.778 20
3.573 -8.984 0.808 21
3.52 -9.05 0.796 20
3.579 -9.088 0.714 20
3.61 -8.985 0.717 20
3.739 -8.926 0.86 20
3.617 -8.973 0.918 20
3.591 -9.009 0.832 20
3.479 -9.02 0.739 21
3.652 -9.013 0.734 20
3.817 -9.003 0.894 20
3.723 -8.977 0.977 20
3.628 -8.979 1.0 20
3.582 -9.081 0.889 20
3.518 -9.119 0.919 20
3.564 -9.075 1.058 21
3.599 -9.055 1.046 20
3.631 -9.064 1.195 20
3.656 -9.0 1.001 20
3.623 -9.105 1.011 20
3.606 -9.032 0.96 20
3.661 -9.036 1.045 20
3.866 -9.233 1.245 21
3.95 -9.161 1.423 20
4.27 -9.304 1.441 20
4.321 -8.97 1.621 20
4.281 -8.651 1.762 20
4.444 -8.953 1.87 20
4.391 -9.293 1.906 20
4.695 -9.416 2.062 21
5.018 -9.168 1.859 20
5.328 -8.323 1.47 20
5.624 -8.459 2.009 20
5.657 -9.073 2.137 20
5.447 -8.14 2.103 20
5.94 -7.654 2.163 20
6.31 -7.73 1.858 20
6.628 -8.144 1.837 21
6.14 -8.57 1.505 20
6.915 -8.089 2.322 20
7.162 -7.334 2.158 20
7.272 -6.435 2.438 20
7.595 -5.664 2.92 20
8.226 -5.759 3.584 20
8.579 -5.961 4.284 21
9.135 -5.607 4.769 20
8.995 -4.911 5.547 20
8.52 -4.044 6.149 20
8.619 -3.675 5.715 20
9.296 -4.705 5.397 20
9.202 -4.806 6.008 20
9.206 -3.497 6.643 21
9.127 -2.954 6.924 20
9.313 -2.972 7.023 20
10.172 -2.687 6.891 20
10.762 -1.331 7.381 20
10.832 -0.597 7.865 20
10.196 -0.903 7.251 20
10.281 -1.265 7.8 21
10.367 -0.795 8.293 20
10.556 -0.735 7.954 20
10.299 -0.713 7.612 20
9.584 -0.108 7.01 20
9.102 0.672 6.828 20
8.731 1.106 6.275 20
8.068 1.91 5.931 21
7.359 1.993 5.887 20
6.916 2.053 5.518 20
5.845 2.223 5.201 20
4.712 2.685 4.417 20
4.489 3.217 4.008 20
4.09 4.417 4.047 20
3.836 5.876 3.423 21
2.997 6.394 2.671 20
2.213 7.057 1.916 20
1.411 7.381 0.916 20
0.828 7.295 -0.104 20
0.365 7.693 -0.747 20
-0.094 8.291 -1.4 20
-0.967 8.312 -2.744 21
-1.919 8.434 -4.342 20
-2.814 8.363 -5.343 20
-3.55 8.014 -6.462 20
-3.974 7.811 -7.9 20
-4.222 8.076 -9.041 20
-4.578 7.712 -9.001 20
-4.868 6.923 -7.928 21
-5.015 5.849 -6.919 20
-5.347 4.553 -6.781 20
-5.927 3.634 -7.184 20
-5.764 3.31 -6.58 20
-5.415 3.382 -6.065 20
-4.545 2.44 -5.404 20
-4.353 1.33 -4.774 21
-3.968 0.339 -4.01 20
-4.208 -0.542 -4.373 20
-4.933 -2.186 -5.598 20
-4.976 -2.793 -5.194 20
-3.892 -2.763 -3.139 20
-3.202 -4.566 -0.01 20
-4.66 -8.398 1.843 21
-6.781 -12.557 -0.104 20
-8.049 -16.341 -3.837 20
-7.658 -17.117 -6.24 20
-5.239 -14.463 -5.016 20
0.653 -10.946 -2.86 20
1.902 -5.338 -4.909 20
-2.094 -0.146 -6.661 21
-8.248 1.206 -5.199 20
-9.588 -3.598 -3.377 20
-8.927 -8.467 -1.983 20
-9.356 -8.681 -0.559 20
-8.706 -5.866 0.372 20
-8.466 -3.711 1.135 20
-7.447 -3.943 -0.412 21
-7.795 -3.973 -1.798 20
-8.542 -4.576 -2.759 20
-8.721 -5.391 -3.745 20
-8.637 -5.292 -4.436 20
-8.584 -4.205 -3.98 20
-8.329 -4.439 -3.646 20
-8.132 -4.9 -3.765 21
-7.294 -4.764 -4.332 20
-7.667 -3.974 -4.315 20
-7.897 -3.75 -4.197 20
-8.029 -3.62 -4.899 20
-7.547 -3.686 -5.479 20
-7.295 -3.539 -5.309 20
-7.759 -3.404 -4.689 21
-7.626 -3.441 -5.315 20
-7.735 -3.064 -5.779 20
-7.573 -2.928 -6.173 20
-7.422 -2.841 -6.336 20
-7.296 -3.024 -6.514 20
-7.166 -3.045 -6.612 20
-6.994 -2.983 -6.627 21
-6.82 -2.781 -6.525 20
-6.963 -2.602 -6.419 20
-7.14 -2.887 -5.955 20
-6.768 -3.379 -6.129 20
-6.435 -3.537 -5.968 20
-6.209 -3.55 -5.869 20
-6.19 -3.815 -5.812 21
-6.046 -4.077 -6.517 20
-6.033 -4.012 -6.782 20
-5.214 -3.83 -6.165 20
-3.732 -3.691 -5.215 20
-2.739 -3.416 -5.216 20
-2.178 -2.95 -7.145 20
-1.819 -2.908 -9.572 21
-1.176 -3.29 -11.047 20
-0.29 -3.213 -11.008 20
0.35 -2.468 -10.149 20
2.031 -2.174 -10.085 20
4.011 -1.438 -10.281 20
5.963 -0.956 -10.389 20
7.641 -0.504 -10.28 20
7.922 -0.058 -9.132 21
7.963 0.522 -7.2 20
8.911 1.677 -5.906 20
9.38 2.915 -4.83 20
8.855 3.352 -3.626 20
6.714 3.501 -2.813 20
4.414 3.52 -1.58 20
2.679 3.175 0.141 21
1.657 3.462 1.168 20
0.74 4.178 0.812 20
-0.934 5.616 0.878 20
-2.196 6.729 2.056 20
-2.42 7.393 3.243 20
-3.025 7.86 3.672 20
-4.541 8.399 3.611 21
-5.901 8.77 3.6 20
-5.731 9.588 3.41 20
-3.955 9.402 2.956 20
-2.069 9.394 3.212 20
-0.993 10.55 4.302 20
-0.43 12.24 5.557 20
0.352 13.07 6.552 21
1.743 12.35 7.557 20
1.736 10.62 7.746 20
1.312 8.899 6.254 20
0.365 7.912 5.381 20
0.572 6.906 5.105 20
1.67 5.569 5.14 20
2.572 3.842 4.939 21
3.045 2.508 4.45 20
3.809 2.614 4.375 20
4.698 2.597 4.688 20
5.299 1.768 4.5 20
5.796 1.136 3.661 20
6.354 1.08 2.279 20
6.059 1.333 1.319 21
5.4 0.92 1.136 20
5.828 0.241 1.086 20
7.42 -1.103 1.33 20
9.31 -2.11 1.362 20
11.25 -2.608 1.908 20
12.593 -2.905 2.559 20
14.351 -4.651 2.774 21
16.58 -5.982 3.377 20
17.705 -6.055 4.062 20
18.043 -5.65 4.99 20
18.775 -5.785 5.708 20
19.036 -5.749 7.212 20
16.735 -4.198 8.905 20
15.506 -2.693 8.915 21
14.293 -2.876 6.387 20
12.33 -4.075 3.285 20
10.354 -4.699 0.991 20
8.823 -4.782 0.097 20
7.264 -4.758 0.816 20
6.631 -4.99 1.133 20
6.647 -5.584 0.886 21
6.264 -6.361 1.009 20
6.133 -7.199 2.076 20
6.567 -7.772 2.92 20
6.603 -7.978 3.545 20
6.317 -7.95 3.995 20
6.177 -7.184 3.319 20
5.794 -6.022 2.771 21
5.59 -5.691 2.77 20
5.837 -6.219 2.682 20
5.932 -6.792 2.837 20
5.656 -6.896 3.81 20
5.496 -7.32 3.905 20
5.904 -7.929 3.081 20
6.002 -8.153 2.63 21
5.603 -7.776 2.846 20
5.369 -7.651 2.985 20
5.766 -7.793 2.884 20
6.201 -7.578 2.264 20
6.17 -7.422 1.453 20
5.774 -7.255 1.988 20
5.806 -7.36 2.43 21
5.624 -7.558 2.804 20
5.947 -7.748 2.863 20
6.166 -7.765 2.564 20
6.113 -7.66 2.564 20
5.798 -7.693 2.989 20
5.86 -7.418 2.902 20
5.804 -7.102 2.401 21
5.771 -6.978 2.154 20
5.785 -7.12 2.135 20
5.735 -7.271 2.326 20
5.746 -7.567 2.554 20
5.683 -7.919 2.677 20
5.627 -7.851 2.317 20
5.42 -7.843 2.134 21
5.434 -7.937 1.885 20
5.547 -7.926 1.728 20
5.512 -7.792 1.983 20
5.338 -7.822 2.139 20
5.019 -7.833 2.204 20
4.991 -7.79 2.14 20
5.124 -7.64 2.144 21
5.147 -7.575 2.171 20
5.167 -7.659 2.226 20
5.34 -7.849 2.28 20
5.314 -8.067 2.605 20
5.069 -8.193 2.555 20
5.035 -8.145 2.31 20
5.213 -8.025 2.13 21
5.311 -7.886 2.097 20
5.351 -7.886 1.963 20
5.338 -7.878 1.884 20
5.395 -7.9 2.142 20
5.364 -8.01 2.204 20
5.44 -7.876 2.131 20
5.544 -7.816 2.132 20
5.47 -7.957 2.155 21
5.267 -8.067 2.102 20
5.253 -8.011 2.09 20
5.262 -7.952 2.159 20
5.239 -7.921 2.31 20
5.164 -7.921 2.379 20
5.244 -7.911 2.383 20
5.308 -7.869 2.349 21
5.273 -7.896 2.312 20
5.31 -7.772 2.409 20
5.225 -7.902 2.28 20
5.176 -7.932 2.045 20
5.142 -7.984 2.028 20
5.11 -8.069 2.141 20
5.189 -8.076 2.127 21
5.133 -7.92 2.023 20
5.215 -7.992 2.057 20
5.164 -7.959 2.176 20
5.225 -8.007 2.253 20
5.243 -8.012 2.216 20
5.259 -7.988 2.095 20
5.282 -7.988 2.192 21
5.146 -8.025 2.177 20
5.072 -7.873 2.166 20
5.24 -8.014 2.363 20
5.22 -8.014 2.384 20
5.17 -7.964 2.36 20
5.09 -7.951 2.313 20
5.15 -8.105 2.299 21
5.272 -8.012 2.344 20
5.238 -7.85 2.394 20
5.322 -7.625 2.393 20
5.272 -7.657 2.408 20
5.224 -7.785 2.454 20
5.21 -7.994 2.365 20
5.189 -8.174 2.442 21
5.104 -8.125 2.393 20
4.805 -7.948 2.187 20
4.822 -8.019 1.973 20
4.897 -8.082 2.12 20
4.98 -8.117 2.275 20
4.905 -8.135 2.355 20
4.805 -8.24 2.342 21
4.75 -8.103 2.251 20
4.854 -7.947 2.232 20
4.958 -8.03 2.261 20
4.918 -8.021 2.27 20
4.799 -7.999 2.252 20
4.794 -8.093 2.313 20
4.982 -8.168 2.41 21
5.137 -8.135 2.477 20
5.124 -8.14 2.534 20
5.124 -8.114 2.407 20
5.002 -8.068 2.36 20
5.027 -8.139 2.318 20
5.153 -8.115 2.505 20
5.252 -8.08 2.638 21
5.082 -8.05 2.418 20
4.854 -8.035 2.202 20
4.879 -8.129 2.144 20
5.024 -8.072 2.357 20
5.067 -8.138 2.485 20
5.07 -8.178 2.425 20
4.862 -8.201 2.353 21
4.791 -8.078 2.17 20
4.809 -8.132 2.235 20
4.788 -8.219 2.3 20
4.758 -8.279 2.355 20
4.879 -8.203 2.455 20
4.936 -8.19 2.501 20
5.012 -8.259 2.336 21
4.85 -8.19 2.233 20
4.816 -8.053 2.18 20
4.828 -8.046 2.229 20
4.851 -8.036 2.373 20
5.047 -8.123 2.516 20
5.006 -8.257 2.658 20
4.96 -8.193 2.675 21
4.758 -8.066 2.329 20
4.749 -7.872 2.151 20
4.847 -7.983 2.159 20
4.881 -8.205 2.018 20
4.97 -8.265 1.917 20
4.894 -8.165 1.969 20
4.921 -8.238 2.148 21
4.832 -8.134 2.04 20
4.757 -8.237 2.113 20
4.847 -8.263 2.337 20
4.846 -8.239 2.617 20
4.914 -8.165 2.655 20
4.969 -8.182 2.747 20
4.925 -8.148 2.644 21
4.908 -8.07 2.612 20
4.884 -8.039 2.599 20
4.923 -8.168 2.602 20
4.927 -8.282 2.453 20
4.883 -8.119 2.277 20
4.843 -7.971 2.171 20
4.759 -8.139 2.241 21
4.784 -8.373 2.15 20
4.909 -8.428 2.083 20
4.695 -8.239 2.02 20
4.685 -8.145 2.002 20
4.623 -8.21 2.182 20
4.836 -8.123 2.156 20
4.812 -8.196 2.321 21
4.877 -8.219 2.372 20
4.788 -8.279 2.184 20
4.732 -8.159 1.99 20
4.663 -8.155 2.033 20
4.931 -8.048 2.21 20
5.065 -8.135 2.36 20
5.024 -8.2 2.388 20
4.873 -8.195 2.262 21
5.013 -8.114 2.166 20
5.06 -8.119 2.338 20
5.044 -8.16 2.459 20
4.969 -8.092 2.264 20
4.749 -8.102 2.205 20
4.868 -8.15 2.287 20
4.897 -8.152 2.398 21
4.872 -8.164 2.377 20
4.865 -8.05 2.304 20
4.774 -8.067 2.313 20
4.846 -8.215 2.349 20
4.792 -8.284 2.256 20
4.894 -8.292 2.351 20
4.798 -8.162 2.277 21
4.758 -8.112 2.206 20
4.777 -8.147 2.178 20
4.774 -8.046 2.3 20
4.807 -8.152 2.294 20
4.924 -8.23 2.436 20
4.941 -8.174 2.47 20
4.855 -8.1 2.385 21
4.79 -8.047 2.218 20
4.873 -8.06 2.201 20
4.827 -8.143 2.202 20
4.947 -8.129 2.258 20
4.832 -8.216 2.268 20
4.963 -8.249 2.335 20
4.867 -8.312 2.235 21
4.812 -8.211 2.157 20
4.853 -8.101 2.189 20
4.873 -8.178 2.284 20
5.017 -8.209 2.327 20
5.017 -8.264 2.381 20
4.901 -8.046 2.281 20
4.867 -8.06 2.254 21
4.688 -8.176 2.229 20
4.777 -8.264 2.194 20
4.84 -8.408 2.319 20
4.768 -8.315 2.214 20
4.746 -8.16 2.225 20
4.836 -8.032 2.291 20
4.825 -8.082 2.328 21
4.82 -8.129 2.404 20
4.78 -8.236 2.363 20
4.861 -8.132 2.492 20
4.838 -8.105 2.484 20
4.838 -8.15 2.391 20
4.797 -8.24 2.285 20
4.784 -8.179 2.02 21
4.677 -8.236 2.159 20
4.802 -8.093 2.093 20
4.837 -8.314 2.241 20
4.821 -8.221 2.193 20
4.971 -8.185 2.329 20
4.835 -8.2 2.39 20
4.799 -8.192 2.249 21
4.751 -8.188 2.379 20
4.741 -8.032 2.404 20
4.642 -7.993 2.12 20
4.564 -8.123 2.064 20
4.691 -8.352 2.098 20
4.844 -8.493 2.379 20
# end
#Mon Apr 06 22:37:39 PDT 2015