# Accelerometer Values
# filename:  handshake.txt
# Saving start time: Mon Apr 06 22:35:31 PDT 2015

# sensor resolution: 0.039230347m/s^2
#Sensorvendor: Invensense Inc., name: Invensense Accelerometer, type: 1,version : 4, range 19.613297

# X value, Y value, Z value, time diff in ms
4.722 -8.485 -0.081 20
4.716 -8.502 -0.253 20
4.591 -8.638 -0.175 21
4.523 -8.6 -0.115 20
4.38 -8.63 0.028 20
4.381 -8.472 -0.057 20
4.533 -8.648 0.242 20
4.655 -8.63 0.192 20
4.692 -8.565 0.304 20
4.675 -8.594 0.365 21
4.709 -8.66 0.363 20
4.73 -8.578 0.124 20
4.752 -8.534 0.35 20
4.605 -8.358 0.258 20
4.573 -8.473 0.184 20
4.639 -8.553 0.208 20
4.688 -8.593 0.211 21
4.609 -8.722 0.292 20
4.545 -8.738 0.162 20
4.572 -8.625 0.207 20
4.629 -8.551 0.053 20
4.757 -8.487 0.07 20
4.822 -8.446 0.086 20
4.943 -8.579 0.078 21
4.817 -8.617 0.039 20
4.678 -8.559 0.187 20
4.802 -8.64 0.134 20
4.581 -8.635 0.185 20
4.516 -8.566 0.168 20
4.489 -8.577 0.125 20
4.529 -8.677 0.032 21
4.553 -8.763 0.172 20
4.51 -8.834 0.316 20
4.535 -8.664 0.21 20
4.669 -8.576 0.171 20
4.717 -8.508 0.218 20
4.599 -8.573 0.172 20
4.645 -8.685 0.256 21
4.621 -8.667 0.27 20
4.601 -8.594 0.384 20
4.604 -8.64 0.275 20
4.6 -8.726 0.349 20
4.545 -8.709 0.308 20
4.56 -8.583 0.189 20
4.59 -8.518 0.037 21
4.735 -8.434 0.22 20
4.61 -8.481 0.143 20
4.7 -8.468 0.23 20
4.611 -8.605 0.239 20
4.686 -8.712 0.119 20
4.705 -8.592 0.165 20
4.795 -8.573 0.18 21
4.793 -8.59 0.183 20
4.765 -8.558 0.166 20
4.647 -8.647 0.107 20
4.645 -8.607 0.15 20
4.712 -8.574 0.193 20
4.772 -8.504 0.19 20
4.811 -8.55 0.021 21
4.785 -8.475 0.126 20
4.826 -8.515 0.155 20
4.884 -8.508 0.188 20
4.84 -8.591 0.256 20
4.76 -8.572 0.184 20
4.731 -8.637 0.306 20
4.776 -8.611 0.323 21
4.69 -8.501 0.161 20
4.806 -8.59 0.309 20
4.822 -8.666 0.252 20
4.698 -8.634 0.225 20
4.777 -8.683 0.242 20
4.776 -8.563 0.197 20
4.684 -8.45 0.328 21
4.783 -8.406 0.132 20
4.841 -8.539 0.072 20
4.807 -8.586 0.048 20
4.847 -8.601 0.237 20
4.861 -8.703 0.389 20
4.771 -8.612 0.204 20
4.838 -8.559 0.264 21
4.769 -8.501 0.156 20
4.835 -8.538 0.319 20
4.948 -8.72 0.402 20
4.855 -8.817 0.332 20
4.743 -8.695 0.178 20
4.576 -8.675 0.243 20
4.804 -8.598 0.106 21
4.987 -8.477 0.252 20
4.897 -8.502 0.337 20
4.828 -8.548 0.434 20
4.986 -8.65 0.36 20
5.319 -8.773 0.503 20
5.696 -8.975 0.811 20
6.062 -8.881 0.844 21
6.4 -8.836 0.808 20
6.731 -8.671 1.004 20
7.028 -8.559 0.999 20
7.116 -8.364 1.114 20
6.981 -8.197 1.072 20
7.098 -8.127 1.176 20
7.436 -8.04 0.942 21
7.771 -7.713 1.147 20
7.99 -7.499 1.571 20
8.224 -7.596 1.673 20
8.469 -7.661 1.45 20
8.586 -7.362 1.262 20
8.636 -6.921 1.345 20
8.617 -6.476 1.498 21
8.805 -6.315 1.408 20
9.004 -6.041 1.157 20
9.149 -5.628 1.126 20
9.183 -5.049 1.129 20
9.465 -4.809 1.576 20
9.526 -4.431 1.847 20
9.266 -4.024 1.511 20
9.077 -3.352 1.197 21
8.799 -2.443 1.167 20
8.668 -1.859 1.386 20
8.449 -1.116 1.424 20
8.65 -0.813 1.176 20
9.211 -0.322 1.231 20
9.326 0.45 1.489 20
9.54 0.978 1.403 21
9.675 1.089 1.099 20
10.187 0.535 1.184 20
10.748 -0.149 1.391 20
11.58 -0.28 1.53 20
13.21 -0.479 2.036 20
13.959 -0.411 2.228 20
13.635 -0.316 1.791 21
12.64 -0.62 1.311 20
11.736 -0.786 0.864 20
11.243 -0.533 0.67 20
11.275 -0.885 0.619 20
11.782 -1.336 0.692 20
12.111 -1.452 1.001 20
12.178 -1.747 1.386 21
11.91 -2.279 1.65 20
11.04 -2.429 1.562 20
10.297 -2.379 1.504 20
9.16 -2.044 1.268 20
7.776 -1.621 0.975 20
6.36 -1.55 0.446 20
5.04 -1.356 0.11 21
3.8 -0.831 0.232 20
2.785 -0.334 0.39 20
2.148 -0.159 0.445 20
1.441 0.192 0.354 20
0.998 0.202 0.287 20
0.89 0.338 0.422 20
0.852 0.599 0.306 21
1.147 0.816 0.256 20
1.581 0.885 0.116 20
2.321 0.853 -0.239 20
3.885 0.747 -0.4 20
5.602 0.905 -0.327 20
7.228 1.05 -0.456 20
9.248 0.677 -0.397 21
11.463 0.309 0.088 20
12.542 -0.058 0.423 20
13.176 0.035 0.126 20
13.537 0.143 -0.497 20
13.731 0.29 -0.81 20
13.746 0.494 -0.324 20
13.944 0.311 0.135 21
14.212 -0.256 -0.594 20
14.33 0.066 -1.055 20
14.683 0.334 -1.207 20
15.361 0.53 -1.106 20
16.05 0.849 -1.26 20
16.312 0.903 -1.516 20
15.925 1.016 -1.308 21
15.645 1.191 -1.264 20
15.333 1.094 -1.68 20
15.244 1.1 -1.781 20
15.137 1.147 -1.552 20
14.893 1.102 -1.243 20
14.558 0.867 -1.092 20
14.115 0.718 -0.704 21
13.713 0.502 -0.752 20
13.018 0.595 -0.488 20
12.284 0.611 -0.398 20
11.554 0.458 -0.208 20
10.835 0.222 -0.074 20
10.043 0.159 -0.04 20
9.065 0.244 0.16 21
7.998 0.281 0.08 20
7.193 0.495 0.192 20
6.442 0.603 0.24 20
5.736 0.684 0.19 20
5.08 0.963 0.069 20
4.414 1.138 0.269 20
4.047 1.13 0.187 21
3.686 1.347 -0.009 20
3.006 1.986 -0.093 20
2.498 2.548 -0.121 20
2.152 2.928 0.009 20
1.958 3.045 -0.097 20
1.697 3.455 -0.094 20
1.48 3.895 -0.193 21
1.882 3.91 -0.204 20
2.457 3.716 -0.085 20
3.504 3.209 -0.004 20
4.545 2.404 0.04 20
5.744 1.44 0.074 20
6.919 0.627 0.356 20
8.025 0.116 0.506 21
9.179 -0.352 0.672 20
10.434 -0.602 1.06 20
11.661 -0.939 1.226 20
13.096 -0.791 1.115 20
13.924 -0.239 1.104 20
14.356 0.054 0.468 20
14.921 0.406 0.044 21
15.541 1.105 -0.424 20
16.606 1.653 -0.785 20
17.864 2.176 -1.005 20
18.832 2.226 -1.164 20
18.794 2.152 -1.053 20
18.171 2.087 -0.947 20
17.23 1.858 -1.198 21
16.523 1.571 -1.224 20
15.976 1.444 -1.01 20
15.374 1.094 -0.653 20
14.841 0.632 -0.389 20
14.023 0.13 -0.204 20
13.187 0.041 0.17 20
12.275 0.114 0.421 20
11.663 0.196 0.616 21
11.065 0.107 0.823 20
10.0 0.104 0.883 20
8.719 0.262 0.802 20
7.657 0.541 0.762 20
6.795 0.975 0.697 20
5.849 1.058 0.58 20
4.955 1.148 0.396 21
3.942 1.483 0.29 20
3.227 1.753 0.313 20
2.335 1.903 0.286 20
1.69 2.073 0.08 20
1.248 2.081 0.177 20
1.28 2.095 0.292 20
1.742 1.953 0.285 21
2.23 1.901 0.423 20
2.56 2.074 0.271 20
2.99 2.197 0.265 20
3.658 2.161 0.249 20
4.382 1.847 0.197 20
5.432 1.604 0.306 20
6.587 1.394 0.34 21
7.43 1.379 0.412 20
8.045 1.054 0.496 20
8.79 0.544 0.412 20
10.301 0.247 0.271 20
12.312 0.709 0.343 20
14.278 1.201 0.329 20
15.714 1.277 -0.098 21
16.71 1.464 -0.085 20
16.901 2.117 0.238 20
16.967 2.63 0.211 20
16.972 2.717 0.097 20
16.633 2.33 0.035 20
16.117 1.886 -0.101 20
15.152 1.826 -0.048 21
13.85 1.864 0.242 20
12.737 1.478 0.483 20
11.888 1.117 0.235 20
11.251 0.461 0.048 20
10.487 0.273 0.32 20
9.883 0.345 0.674 20
9.355 0.0 0.922 21
8.954 -0.383 0.809 20
8.434 -0.77 0.776 20
8.443 -0.679 0.359 20
8.166 -0.31 0.359 20
7.683 -0.134 0.585 20
6.896 -0.022 0.775 20
6.252 -0.069 0.769 21
6.144 -0.368 0.153 20
6.225 -0.598 -0.134 20
6.387 -0.946 -0.034 20
6.058 -0.62 0.282 20
5.521 -0.174 0.431 20
5.063 0.251 0.231 20
4.806 0.199 -0.242 21
5.156 -0.063 -0.271 20
5.516 0.004 -0.01 20
6.057 0.069 -0.12 20
6.661 0.091 -0.223 20
7.328 0.026 -0.18 20
8.226 -0.156 -0.096 20
8.776 -0.493 -0.149 21
9.203 -1.487 -0.049 20
9.8 -1.951 0.16 20
10.935 -1.837 0.428 20
11.285 -1.88 0.691 20
11.149 -2.038 0.525 20
11.345 -2.287 0.044 20
11.249 -2.278 -0.348 21
10.941 -2.474 -0.483 20
10.694 -2.912 -0.235 20
10.674 -3.588 -0.202 20
10.889 -4.341 -0.222 20
11.179 -4.755 -0.265 20
11.436 -4.898 -0.545 20
11.468 -5.011 -0.408 21
11.343 -5.427 -0.291 20
11.327 -5.899 -0.108 20
10.934 -5.803 -0.545 20
10.617 -5.475 -0.919 20
10.123 -5.259 -0.976 20
9.794 -5.616 -0.602 20
9.433 -5.854 -0.644 21
9.113 -6.122 -0.857 20
8.86 -6.313 -1.014 20
8.689 -6.551 -0.815 20
8.654 -6.744 -0.625 20
8.466 -6.754 -0.68 20
8.12 -6.929 -0.79 20
7.986 -7.14 -0.672 21
7.977 -7.511 -0.637 20
7.743 -7.64 -0.844 20
7.466 -7.74 -0.772 20
6.876 -7.847 -0.691 20
6.285 -8.378 -0.493 20
5.324 -8.794 -0.129 20
4.673 -8.57 -0.441 21
4.52 -8.359 -0.816 20
4.199 -8.073 -1.032 20
3.989 -8.394 -1.012 20
3.857 -8.586 -0.823 20
4.066 -8.688 -0.597 20
4.533 -8.694 -0.455 20
5.014 -9.016 -0.348 21
5.082 -9.225 -0.147 20
5.048 -9.471 -0.307 20
4.848 -9.139 -0.593 20
4.497 -8.843 -0.514 20
4.061 -8.815 -0.418 20
3.818 -8.969 -0.659 20
3.718 -8.779 -0.932 20
3.708 -8.644 -0.87 21
3.816 -8.601 -0.482 20
3.885 -8.782 -0.37 20
4.094 -8.913 -0.235 20
4.034 -9.004 -0.521 20
3.999 -8.666 -0.496 20
3.909 -8.619 -0.309 20
3.772 -8.849 -0.317 21
3.72 -9.108 -0.402 20
3.748 -9.124 -0.565 20
3.59 -8.988 -0.466 20
3.838 -8.925 -0.27 20
3.983 -8.899 -0.284 20
4.051 -8.907 -0.452 20
3.924 -8.881 -0.544 21
3.867 -8.856 -0.648 20
3.922 -8.857 -0.774 20
3.833 -9.087 -0.607 20
3.681 -9.182 -0.4 20
3.815 -9.018 -0.626 20
3.906 -8.948 -0.794 20
3.894 -8.967 -0.796 21
3.823 -9.005 -0.524 20
3.719 -9.164 -0.648 20
3.706 -9.165 -0.766 20
3.721 -9.013 -0.58 20
3.688 -9.065 -0.35 20
3.756 -8.982 -0.472 20
3.9 -8.974 -0.611 21
3.827 -8.894 -0.468 20
3.717 -8.909 -0.183 20
3.789 -9.112 -0.402 20
3.872 -9.114 -0.313 20
3.78 -9.007 -0.339 20
3.737 -9.032 -0.263 20
3.807 -9.025 -0.302 21
3.814 -9.173 -0.417 20
3.727 -9.032 -0.454 20
3.56 -8.947 -0.356 20
3.444 -8.825 -0.352 20
3.593 -9.011 -0.36 20
3.652 -9.09 -0.403 20
3.523 -8.95 -0.47 21
3.587 -9.047 -0.368 20
3.564 -9.046 -0.166 20
3.584 -9.072 -0.362 20
3.608 -9.059 -0.291 20
3.544 -9.032 -0.322 20
3.563 -9.045 -0.332 20
3.623 -9.021 -0.247 21
3.519 -9.086 -0.023 20
3.689 -9.264 0.027 20
3.565 -9.228 -0.189 20
3.498 -9.214 -0.231 20
3.524 -8.963 -0.203 20
3.5 -8.902 -0.103 20
3.629 -8.968 -0.198 21
3.628 -9.009 -0.324 20
3.541 -9.165 -0.155 20
3.444 -9.237 -0.132 20
3.419 -9.26 -0.125 20
3.388 -9.239 -0.332 20
3.372 -9.112 -0.27 20
3.398 -9.097 -0.324 21
3.474 -9.07 -0.171 20
3.433 -9.148 -0.245 20
3.393 -9.308 -0.288 20
3.431 -9.214 -0.27 20
3.283 -9.097 -0.126 20
3.229 -9.089 -0.256 20
3.232 -9.163 -0.306 21
3.316 -9.204 -0.37 20
3.501 -9.267 -0.331 20
3.409 -9.193 -0.146 20
3.468 -9.316 -0.037 20
3.452 -9.389 -0.102 20
3.328 -9.347 -0.157 20
3.338 -9.173 -0.335 21
3.611 -9.065 -0.159 20
3.604 -9.091 0.016 20
3.542 -9.193 0.017 20
3.499 -9.281 -0.119 20
3.476 -9.151 -0.109 20
3.477 -9.234 0.01 20
3.352 -9.334 0.031 21
3.214 -9.108 -0.088 20
3.152 -9.147 -0.071 20
3.267 -9.234 -0.039 20
3.257 -9.201 -0.029 20
3.154 -9.141 0.153 20
3.1 -9.15 0.185 20
3.103 -9.303 0.156 21
3.145 -9.262 0.177 20
3.145 -9.092 0.118 20
3.089 -9.114 0.355 20
2.925 -9.325 0.426 20
2.677 -9.354 0.114 20
3.025 -9.12 0.2 20
2.991 -9.28 0.333 21
2.968 -9.341 0.285 20
2.923 -9.274 0.098 20
2.935 -9.262 0.248 20
2.968 -9.224 0.291 20
3.043 -9.353 0.316 20
3.055 -9.477 0.383 20
3.056 -9.442 0.381 21
3.094 -9.297 0.255 20
3.189 -9.384 0.032 20
3.107 -9.261 0.002 20
2.922 -9.265 0.036 20
2.857 -9.431 -0.109 20
2.715 -9.552 -0.015 20
2.799 -9.53 0.136 21
2.954 -9.389 0.124 20
3.094 -9.216 0.244 20
3.106 -9.184 0.228 20
2.959 -9.216 0.263 20
2.743 -9.239 0.315 20
2.622 -9.369 0.475 20
2.629 -9.399 0.409 21
2.753 -9.371 0.299 20
2.711 -9.478 0.457 20
2.568 -9.441 0.472 20
2.604 -9.485 0.356 20
2.582 -9.65 0.46 20
2.56 -9.553 0.22 20
2.541 -9.334 0.304 20
2.564 -9.442 0.133 21
2.533 -9.429 -0.03 20
2.524 -9.377 -0.045 20
2.572 -9.33 -0.01 20
2.547 -9.428 0.065 20
2.556 -9.463 0.204 20
2.511 -9.489 -0.127 20
2.609 -9.398 -0.002 21
2.718 -9.434 0.144 20
2.781 -9.553 0.138 20
2.692 -9.508 0.121 20
2.423 -9.537 0.054 20
2.448 -9.492 0.041 20
2.545 -9.388 0.078 20
2.537 -9.43 0.184 21
2.477 -9.43 0.19 20
2.43 -9.478 0.1 20
2.609 -9.504 0.211 20
2.522 -9.514 0.405 20
2.401 -9.443 0.272 20
2.443 -9.457 0.261 20
2.346 -9.43 0.357 21
2.323 -9.487 0.257 20
2.285 -9.513 0.287 20
2.935 -9.639 -0.811 20
2.019 -9.629 0.691 20
2.079 -9.205 0.129 20
2.387 -9.529 0.157 20
2.529 -9.628 0.242 21
2.475 -9.458 0.432 20
2.474 -9.454 0.559 20
2.481 -9.316 0.723 20
2.614 -9.138 0.476 20
2.635 -9.33 0.419 20
2.554 -9.303 0.526 20
2.629 -9.404 0.589 21
2.714 -9.477 0.475 20
2.598 -9.453 0.465 20
2.541 -9.401 0.466 20
2.694 -9.292 0.489 20
2.792 -9.558 0.454 20
2.718 -9.425 0.406 20
2.551 -9.419 0.512 21
2.554 -9.354 0.602 20
2.657 -9.151 1.006 20
2.816 -9.54 0.866 20
2.532 -9.446 0.659 20
2.698 -9.312 0.652 20
2.593 -9.478 0.545 20
2.53 -9.458 0.413 21
2.593 -9.231 0.784 20
2.467 -9.364 0.714 20
2.43 -9.444 0.572 20
2.6 -9.471 0.604 20
2.612 -9.418 0.729 20
2.52 -9.348 0.579 20
2.625 -9.302 0.496 21
2.653 -9.502 0.428 20
2.466 -9.324 0.207 20
2.712 -9.449 -0.19 20
2.684 -9.57 -0.065 20
2.549 -9.546 0.319 20
2.608 -9.533 0.342 20
2.611 -9.245 0.267 21
2.652 -9.255 0.484 20
2.782 -9.243 0.314 20
2.863 -9.354 0.506 20
2.675 -9.296 0.541 20
2.64 -9.292 0.567 20
2.656 -9.261 0.554 20
2.666 -9.43 0.526 21
2.712 -9.565 0.607 20
2.651 -9.434 0.543 20
2.617 -9.533 0.547 20
2.677 -9.389 0.401 20
2.694 -9.249 0.425 20
2.563 -9.271 0.266 20
2.663 -9.442 0.136 21
2.496 -9.332 0.121 20
2.39 -9.398 0.211 20
2.441 -9.445 0.349 20
2.462 -9.419 0.327 20
2.496 -9.406 0.344 20
2.587 -9.346 0.211 20
2.619 -9.394 0.136 21
2.627 -9.43 0.259 20
2.634 -9.439 0.424 20
2.64 -9.447 0.564 20
2.597 -9.415 0.523 20
2.676 -9.376 0.27 20
2.607 -9.431 0.196 20
2.626 -9.352 0.243 21
2.602 -9.485 0.378 20
2.782 -9.5 0.264 20
2.74 -9.512 0.301 20
2.57 -9.403 0.252 20
2.459 -9.385 0.237 20
2.612 -9.269 0.052 20
2.704 -9.336 0.176 21
2.733 -9.387 0.148 20
2.445 -9.429 0.253 20
2.381 -9.49 0.344 20
2.531 -9.53 0.417 20
2.701 -9.47 0.582 20
2.634 -9.428 0.525 20
2.601 -9.364 0.292 21
2.63 -9.461 0.333 20
2.598 -9.45 0.482 20
2.57 -9.432 0.582 20
2.629 -9.475 0.547 20
2.623 -9.504 0.254 20
2.506 -9.497 0.26 20
2.456 -9.303 0.253 21
2.606 -9.385 0.284 20
2.604 -9.443 0.302 20
2.596 -9.556 -0.033 20
2.443 -9.586 0.362 20
2.635 -9.218 0.238 20
2.688 -9.384 0.249 20
2.766 -9.484 0.345 20
2.746 -9.446 0.541 21
2.645 -9.428 0.421 20
2.754 -9.344 0.488 20
2.583 -9.309 0.615 20
2.373 -9.426 0.62 20
2.411 -9.631 0.491 20
2.704 -9.499 0.566 20
2.64 -9.41 0.397 21
2.736 -9.422 0.353 20
2.684 -9.414 0.351 20
2.614 -9.377 0.351 20
# end
#Mon Apr 06 22:35:43 PDT 2015