# Accelerometer Values
# filename:  handshake__4.txt
# Saving start time: Tue Apr 07 10:48:37 PDT 2015

# sensor resolution: 0.039230347m/s^2
#Sensorvendor: Invensense Inc., name: Invensense Accelerometer, type: 1,version : 4, range 19.613297

# X value, Y value, Z value, time diff in ms
3.214 -7.972 4.487 20
3.134 -7.91 3.958 20
2.915 -8.037 3.601 21
2.793 -7.921 3.086 20
2.659 -7.859 2.832 20
2.333 -7.985 2.631 20
2.207 -8.095 2.481 20
2.266 -8.358 2.233 20
2.821 -8.488 2.478 20
3.335 -8.287 2.621 21
3.892 -8.415 2.909 20
4.175 -8.593 3.033 20
4.121 -8.647 2.801 20
4.126 -8.427 2.627 20
4.752 -8.381 2.89 20
5.185 -8.736 3.101 20
5.397 -9.158 3.15 21
5.462 -9.051 3.025 20
5.835 -8.675 2.944 20
5.961 -8.575 2.855 20
5.9 -8.294 2.659 20
5.64 -8.098 2.156 20
5.309 -8.244 1.805 20
5.238 -8.401 1.744 21
5.179 -8.533 1.518 20
5.245 -8.551 1.58 20
5.181 -8.476 1.921 20
4.926 -8.197 2.065 20
4.689 -8.084 1.934 20
4.737 -8.257 1.544 20
4.858 -8.37 1.425 21
4.749 -8.379 1.401 20
4.701 -8.498 1.509 20
4.49 -8.499 1.694 20
4.228 -8.449 1.681 20
4.247 -8.588 1.614 20
4.306 -8.752 1.485 20
4.19 -8.872 1.43 21
4.254 -9.207 1.689 20
4.291 -9.205 1.688 20
4.138 -8.896 1.659 20
4.41 -8.788 1.544 20
4.223 -8.786 1.064 20
4.132 -8.637 0.973 20
4.183 -8.471 0.832 21
4.388 -8.362 0.986 20
4.246 -8.436 1.219 20
3.782 -8.419 1.172 20
3.8 -8.284 1.155 20
3.828 -8.579 1.188 20
4.021 -8.957 1.048 20
4.122 -8.856 0.883 21
4.292 -8.605 0.798 20
4.338 -8.493 0.752 20
4.261 -8.589 0.635 20
4.366 -8.664 0.756 20
4.45 -8.655 0.629 20
4.581 -8.784 0.488 20
4.615 -8.871 0.552 21
4.62 -8.983 0.562 20
4.619 -8.951 0.301 20
4.63 -9.106 0.288 20
4.344 -8.856 0.2 20
4.265 -8.456 0.217 20
4.239 -8.536 0.31 20
4.165 -8.777 0.172 21
4.008 -8.797 0.036 20
3.937 -8.698 0.036 20
4.102 -8.686 0.035 20
4.279 -8.685 0.036 20
4.37 -8.69 -0.072 20
4.36 -8.719 0.041 20
4.406 -8.638 0.029 21
4.376 -8.593 -0.082 20
4.262 -8.512 -0.079 20
4.47 -8.549 -0.233 20
4.983 -8.884 -0.368 20
5.574 -8.402 -0.541 20
5.904 -7.395 -0.372 20
6.0 -6.516 0.077 20
6.352 -6.4 0.429 21
7.028 -6.79 0.266 20
7.39 -7.453 -0.116 20
7.495 -8.016 0.12 20
7.95 -8.039 0.159 20
8.712 -7.535 0.392 20
9.394 -7.153 0.548 20
9.711 -6.952 0.368 21
10.482 -7.408 0.487 20
11.642 -7.924 0.695 20
12.513 -8.239 0.232 20
13.298 -9.199 0.224 20
13.534 -10.097 0.126 20
14.335 -10.908 -0.345 20
16.066 -11.273 -0.793 21
17.489 -11.188 -0.995 20
18.395 -11.076 -1.098 20
18.522 -11.44 -1.144 20
18.389 -11.916 -1.082 20
18.304 -11.495 -0.718 20
17.893 -10.637 0.112 20
17.695 -10.402 0.807 21
17.734 -10.285 1.372 20
16.688 -10.844 1.294 20
14.589 -10.58 1.332 20
12.87 -9.245 1.521 20
11.513 -7.705 1.271 20
8.929 -7.049 0.281 20
6.249 -7.807 -0.389 21
3.793 -8.491 0.312 20
2.01 -8.502 0.671 20
0.514 -8.284 0.541 20
-0.469 -8.45 0.189 20
-4.795 -10.453 -0.294 20
-15.131 -13.666 -0.002 20
-19.335 -15.167 1.658 21
-15.338 -13.663 3.08 20
-10.131 -12.263 4.151 20
-8.061 -12.57 4.151 20
-9.573 -14.216 2.265 20
-7.396 -16.599 0.547 20
4.428 -18.956 0.327 20
18.338 -19.383 1.074 21
19.699 -14.591 -0.968 20
19.699 -7.14 -0.429 20
19.699 -1.271 3.798 20
19.699 4.504 5.383 20
19.699 6.204 -1.004 20
18.659 4.344 -7.718 20
11.787 4.224 -7.631 21
10.87 2.282 -3.507 20
13.797 0.82 0.244 20
14.8 1.382 1.106 20
14.137 1.703 -0.26 20
14.077 1.363 -0.772 20
14.707 0.371 0.119 20
15.539 -0.886 0.894 21
16.958 -1.413 1.624 20
17.345 -1.087 1.995 20
17.418 -1.491 2.115 20
18.097 -1.759 1.693 20
19.355 -1.579 0.904 20
19.096 -1.309 0.743 20
17.432 -1.569 0.626 21
16.342 -0.775 -0.157 20
15.446 1.562 -1.685 20
13.395 1.96 -3.202 20
10.521 0.781 -3.806 20
8.244 -0.945 -3.678 20
6.695 -3.042 -3.307 20
4.368 -4.068 -2.734 21
2.251 -6.454 -2.474 20
0.855 -8.664 -1.252 20
-1.289 -10.894 0.489 20
-4.02 -11.609 1.841 20
-6.673 -10.964 1.738 20
-9.505 -9.934 0.775 20
-11.477 -10.022 0.639 21
-11.921 -11.654 2.018 20
-11.267 -11.685 3.232 20
-9.825 -11.894 4.175 20
-7.901 -11.88 4.227 20
-3.494 -12.61 3.229 20
7.133 -17.538 0.749 20
19.699 -19.383 -1.017 21
19.699 -19.383 -5.862 20
19.699 -16.642 -5.831 20
19.699 -5.338 1.485 20
19.699 2.11 10.771 20
19.699 -0.597 13.822 20
19.699 -2.414 10.434 20
19.611 -2.473 4.725 21
17.526 -0.835 1.159 20
15.274 0.129 -0.751 20
11.874 -0.584 -1.855 20
9.18 -0.741 -2.376 20
9.521 -0.202 -1.807 20
10.554 -0.129 -0.785 20
9.669 -0.713 -0.093 21
8.57 -0.81 0.014 20
7.993 -1.007 0.144 20
7.705 -1.184 0.132 20
7.594 -1.073 0.174 20
7.773 -1.111 0.379 20
8.583 -0.89 0.491 20
9.526 -0.439 0.778 21
9.567 -0.158 0.876 20
9.286 -0.234 0.391 20
9.481 0.072 0.348 20
9.767 0.267 0.453 20
9.826 0.489 0.427 20
9.273 0.387 0.71 20
8.68 0.019 0.651 20
8.951 0.031 0.433 21
9.582 -0.032 0.192 20
9.773 0.284 0.147 20
9.97 0.32 0.357 20
10.04 0.292 0.338 20
10.278 0.049 0.052 20
10.133 0.388 0.017 20
9.906 0.481 0.299 21
9.623 0.283 0.222 20
9.475 0.025 0.227 20
9.411 -0.079 0.23 20
9.321 -0.128 0.496 20
8.859 -0.356 0.756 20
8.592 -0.491 0.532 20
8.54 -0.269 -0.046 21
8.794 -0.062 -0.573 20
9.266 -0.16 -0.714 20
9.695 -0.226 -0.445 20
9.931 -0.289 -0.297 20
9.898 -0.872 -0.396 20
9.672 -0.66 -0.261 20
9.805 -0.624 -0.729 21
10.123 -0.551 -0.933 20
10.314 -0.54 -0.731 20
10.02 -1.036 -0.235 20
8.811 -1.988 0.208 20
7.903 -3.006 0.38 20
7.529 -3.099 0.243 20
6.999 -3.25 0.259 21
6.703 -3.607 0.208 20
6.319 -4.476 0.024 20
5.528 -5.247 -0.013 20
5.394 -5.515 0.1 20
6.234 -5.658 0.976 20
7.596 -6.548 1.668 20
8.089 -6.353 2.082 21
8.643 -6.08 1.709 20
9.145 -6.03 1.196 20
9.283 -5.992 0.629 20
9.9 -5.586 0.271 20
9.913 -6.253 0.4 20
9.568 -7.162 -0.282 20
9.786 -7.092 -0.758 21
10.25 -6.3 -0.595 20
10.204 -5.784 -0.199 20
10.086 -5.823 -0.348 20
9.867 -6.279 0.037 20
9.811 -6.979 0.705 20
9.726 -7.407 1.028 20
9.496 -7.544 1.092 21
9.257 -7.615 1.018 20
9.119 -8.108 0.706 20
9.213 -9.32 0.563 20
8.928 -9.594 0.601 20
10.312 -9.947 0.889 20
16.279 -10.37 2.156 20
8.475 -3.215 0.682 21
8.911 -6.346 -1.8 20
8.605 -7.495 -1.771 20
5.688 -8.284 -0.277 20
4.559 -10.032 0.588 20
5.449 -9.718 0.66 20
5.587 -7.885 0.386 20
5.075 -9.922 -0.176 21
3.777 -11.012 0.061 20
2.8 -9.679 0.191 20
3.094 -8.151 0.258 20
3.496 -7.994 0.06 20
3.28 -8.612 0.363 20
2.949 -8.784 0.965 20
2.945 -8.942 1.305 21
2.733 -9.073 1.297 20
2.477 -8.78 1.118 20
2.719 -8.833 0.796 20
2.921 -9.118 0.892 20
3.088 -8.935 1.546 20
3.079 -9.033 1.745 20
3.241 -9.64 1.536 21
3.256 -10.31 1.547 20
3.195 -9.761 1.716 20
3.28 -8.959 1.421 20
3.345 -8.907 1.286 20
3.441 -9.445 1.015 20
3.305 -10.112 1.157 20
3.263 -9.726 1.604 21
3.411 -8.98 1.73 20
3.319 -8.767 1.565 20
2.837 -8.828 1.511 20
2.283 -9.148 1.215 20
2.567 -9.124 0.977 20
3.142 -8.847 1.007 20
3.395 -7.923 0.673 21
3.163 -7.565 -0.094 20
2.807 -8.078 -0.31 20
2.6 -9.088 0.414 20
2.73 -9.201 1.576 20
3.273 -9.039 2.36 20
3.787 -8.882 2.259 20
3.694 -8.917 1.837 21
3.215 -9.256 1.495 20
2.974 -9.491 1.633 20
2.983 -9.669 1.46 20
2.832 -9.355 1.204 20
2.686 -8.927 0.886 20
2.457 -9.137 0.86 20
2.285 -9.572 0.957 21
2.173 -9.628 1.062 20
2.449 -9.553 0.792 20
2.252 -9.247 0.241 20
2.091 -9.175 0.279 20
2.032 -9.438 0.53 20
1.921 -9.671 0.795 20
2.275 -9.397 0.992 20
2.738 -9.2 0.846 21
2.742 -9.253 0.751 20
2.472 -9.37 1.015 20
2.571 -9.483 1.4 20
2.48 -9.449 1.572 20
2.275 -9.473 1.187 20
2.315 -9.46 0.919 20
2.274 -9.483 0.939 21
2.297 -9.377 1.021 20
2.205 -9.375 1.03 20
2.189 -9.46 0.792 20
2.14 -9.477 0.93 20
2.211 -9.411 0.93 20
2.291 -9.396 0.912 20
2.166 -9.44 0.916 21
2.041 -9.589 1.1 20
1.992 -9.855 1.181 20
2.422 -9.507 1.284 20
2.379 -9.257 1.027 20
2.299 -9.119 0.896 20
2.111 -9.452 1.24 20
2.015 -9.757 1.264 21
2.141 -9.514 1.495 20
2.072 -9.323 1.417 20
2.12 -9.231 1.141 20
2.336 -9.114 1.158 20
2.512 -9.044 1.33 20
2.535 -9.396 1.535 20
2.555 -9.295 1.541 21
2.534 -9.339 1.596 20
2.241 -9.429 1.488 20
2.1 -9.307 1.447 20
2.216 -9.313 1.311 20
2.25 -9.236 0.992 20
2.421 -9.41 0.902 20
2.563 -9.382 0.884 21
2.533 -9.428 0.923 20
2.646 -9.476 0.947 20
2.655 -9.621 1.152 20
2.5 -9.673 1.263 20
2.479 -9.521 1.551 20
2.533 -9.468 1.729 20
2.681 -9.3 1.719 21
2.242 -9.412 1.526 20
2.231 -9.496 1.531 20
2.262 -9.326 1.605 20
2.144 -9.291 1.598 20
1.958 -9.379 1.633 20
1.897 -9.214 1.351 20
1.664 -9.213 1.235 21
1.617 -9.346 1.269 20
1.639 -9.426 1.135 20
1.745 -9.308 1.023 20
1.955 -9.181 1.078 20
2.106 -9.144 1.083 20
2.077 -9.381 1.087 20
2.188 -9.557 1.432 21
2.376 -9.468 1.647 20
2.461 -9.359 1.671 20
2.51 -9.355 1.542 20
2.547 -9.42 1.557 20
2.432 -9.36 1.416 20
2.458 -9.346 1.445 20
2.396 -9.365 1.405 21
2.475 -9.397 1.323 20
2.448 -9.323 1.346 20
2.308 -9.357 1.429 20
2.191 -9.431 1.718 20
2.3 -9.329 1.575 20
2.288 -9.399 1.701 20
2.347 -9.255 1.366 21
2.253 -9.324 1.64 20
2.138 -9.321 1.634 20
1.933 -9.575 1.689 20
1.983 -9.362 1.493 20
2.061 -9.406 1.243 20
2.098 -9.308 1.322 20
2.253 -9.315 1.295 21
2.028 -9.343 1.329 20
1.932 -9.532 1.334 20
2.065 -9.608 1.149 20
2.313 -9.496 0.896 20
2.335 -9.533 1.238 20
2.443 -9.227 1.489 20
2.416 -9.437 1.45 21
2.147 -9.77 1.388 20
2.038 -9.691 1.43 20
2.048 -9.375 1.438 20
2.05 -9.182 1.266 20
2.031 -9.342 1.287 20
1.984 -9.471 1.448 20
1.736 -9.612 1.513 21
1.869 -9.62 1.279 20
2.176 -9.439 1.078 20
2.319 -9.233 0.93 20
2.266 -9.334 0.9 20
2.453 -9.545 1.166 20
2.474 -9.135 1.184 20
2.079 -9.124 1.209 21
1.802 -9.404 1.311 20
1.789 -9.767 1.514 20
2.254 -9.537 1.753 20
2.52 -9.299 1.86 20
2.303 -9.269 1.677 20
2.026 -9.467 0.477 20
1.943 -9.359 0.91 21
2.152 -9.494 0.848 20
2.256 -9.498 0.914 20
2.096 -9.564 1.11 20
1.97 -9.553 1.509 20
2.273 -9.554 1.551 20
2.475 -9.402 1.815 20
2.653 -9.319 1.522 20
2.446 -9.17 1.202 21
2.13 -9.215 1.084 20
2.005 -9.701 1.197 20
2.081 -9.775 1.259 20
# end
#Tue Apr 07 10:48:45 PDT 2015