# Accelerometer Values
# filename:  handshake__3.txt
# Saving start time: Tue Apr 07 10:48:21 PDT 2015

# sensor resolution: 0.039230347m/s^2
#Sensorvendor: Invensense Inc., name: Invensense Accelerometer, type: 1,version : 4, range 19.613297

# X value, Y value, Z value, time diff in ms
3.51 -8.359 2.225 20
3.769 -8.258 2.477 20
3.797 -8.302 2.767 20
3.807 -8.516 2.859 20
3.812 -8.667 2.847 20
3.901 -8.512 2.933 21
4.002 -8.217 2.918 20
3.792 -8.391 2.61 20
3.476 -8.692 2.402 20
3.399 -9.015 2.689 20
3.731 -8.724 2.917 20
4.052 -8.605 2.849 20
4.067 -8.519 2.612 21
3.837 -8.293 2.433 20
4.05 -8.258 2.469 20
4.511 -8.167 2.893 20
4.443 -8.388 2.86 20
4.5 -8.438 2.751 20
4.484 -8.143 2.583 20
4.536 -8.116 2.636 21
4.775 -8.496 2.442 20
4.653 -8.668 2.477 20
4.347 -8.773 2.388 20
4.136 -8.61 2.34 20
3.948 -8.539 2.167 20
3.962 -8.581 2.252 20
3.918 -8.679 2.305 21
3.779 -8.712 2.234 20
3.973 -8.586 2.449 20
4.143 -8.729 2.261 20
4.105 -8.557 2.354 20
4.028 -8.22 2.358 20
3.968 -8.394 2.303 20
3.914 -8.537 2.355 21
4.078 -8.742 2.487 20
4.087 -8.75 2.417 20
4.008 -8.596 2.411 20
4.2 -8.513 2.389 20
4.423 -8.581 2.178 20
4.447 -8.7 1.96 20
4.346 -8.552 2.121 21
4.286 -8.436 2.1 20
4.128 -8.5 1.953 20
4.255 -8.521 1.852 20
4.295 -8.427 1.866 20
4.298 -8.44 1.978 20
4.354 -8.378 1.982 20
4.286 -8.317 2.074 21
4.342 -8.365 1.946 20
4.716 -8.519 1.852 20
5.066 -8.613 1.73 20
5.187 -8.465 1.802 20
4.939 -8.529 2.056 20
4.497 -8.683 2.102 20
4.369 -8.704 2.36 21
4.543 -8.642 2.081 20
4.4 -8.37 1.707 20
4.397 -8.105 1.263 20
4.276 -8.034 1.119 20
4.184 -8.205 1.168 20
4.475 -8.507 1.396 20
4.797 -8.612 1.66 21
4.901 -8.55 1.817 20
4.841 -8.431 1.752 20
4.776 -8.3 1.679 20
4.835 -8.154 1.637 20
5.064 -7.856 1.667 20
5.289 -7.523 1.831 20
5.164 -7.778 1.868 21
5.059 -8.001 1.95 20
5.206 -7.726 2.077 20
5.775 -7.396 2.14 20
6.438 -7.23 2.304 20
7.206 -7.199 2.491 20
7.646 -7.403 2.372 20
7.944 -7.359 1.849 20
8.447 -7.287 1.348 21
9.445 -7.279 0.954 20
10.78 -7.742 1.005 20
11.423 -8.39 0.604 20
11.566 -8.66 0.161 20
12.028 -8.626 -0.038 20
12.751 -9.299 0.137 20
13.188 -10.001 0.311 21
13.78 -10.416 0.344 20
14.455 -11.145 0.529 20
15.187 -12.115 0.835 20
15.522 -12.524 1.214 20
15.519 -12.085 1.539 20
15.196 -11.295 1.777 20
14.801 -11.317 2.158 21
14.066 -10.624 2.113 20
13.399 -9.347 1.817 20
13.045 -7.567 1.294 20
12.535 -6.361 1.875 20
12.245 -5.501 2.593 20
11.106 -5.672 2.928 20
9.472 -6.503 3.237 21
7.762 -4.613 1.68 20
6.713 -4.165 0.553 20
5.153 -5.536 1.085 20
3.548 -6.409 1.811 20
2.33 -7.525 1.876 20
0.877 -8.292 2.535 20
-0.812 -8.102 2.52 21
-3.203 -7.87 3.398 20
-7.744 -8.539 3.396 20
-13.425 -9.396 3.739 20
-16.547 -9.352 5.443 20
-15.422 -9.446 5.219 20
-14.601 -9.605 4.141 20
-13.274 -11.559 2.011 21
-5.693 -13.443 1.797 20
10.478 -14.137 4.407 20
19.069 -11.492 5.654 20
19.699 -5.962 0.919 20
19.699 6.688 1.189 20
19.699 12.679 7.346 20
19.699 7.948 6.055 21
15.691 6.173 -2.371 20
10.594 7.873 -8.364 20
11.275 8.974 -8.674 20
13.171 6.676 -5.966 20
13.689 4.49 -1.939 20
12.849 3.311 -0.941 20
13.201 3.697 -2.034 21
14.19 4.263 -1.618 20
14.863 3.429 -0.378 20
15.741 2.468 0.409 20
16.767 2.992 0.854 20
17.603 3.082 1.197 20
18.038 3.411 0.728 20
17.177 2.935 0.772 21
15.357 1.157 1.386 20
13.751 0.43 0.63 20
12.896 1.824 -1.117 20
11.684 2.93 -2.615 20
9.695 2.402 -2.436 20
8.043 2.418 -2.318 20
6.549 1.752 -2.342 21
5.216 0.539 -2.417 20
3.786 0.069 -2.735 20
2.218 -1.502 -2.393 20
0.025 -4.223 -1.134 20
-4.41 -6.705 -1.404 20
-7.649 -7.061 -2.076 20
-9.051 -8.583 -0.355 21
-9.756 -10.19 3.745 20
-11.14 -12.132 7.462 20
-17.239 -14.14 7.806 20
-19.245 -15.384 5.976 20
-10.389 -16.61 8.878 20
3.715 -15.059 8.948 20
15.08 -15.047 1.809 21
19.699 -14.128 -5.506 20
19.699 -6.645 -6.991 20
19.699 1.139 0.172 20
19.699 10.036 9.75 20
18.235 1.96 5.19 20
11.036 -1.612 -2.937 20
9.245 2.705 -3.087 21
12.282 2.416 -0.564 20
13.734 1.691 1.433 20
11.433 0.978 1.827 20
9.36 -0.2 0.98 20
9.371 -0.557 0.766 20
9.908 -0.618 0.953 20
10.108 -0.487 1.29 21
9.749 -0.571 1.059 20
9.279 -0.406 0.753 20
9.162 -0.396 0.416 20
9.36 -0.133 0.167 20
9.714 0.033 0.621 20
9.719 -0.084 0.827 20
9.625 -0.246 0.945 21
9.601 -0.268 1.028 20
9.42 -0.158 0.91 20
9.281 -0.266 0.585 20
9.419 -0.05 0.685 20
9.521 -0.077 0.553 20
9.704 0.184 0.443 20
9.738 0.094 0.245 21
9.61 -0.039 0.215 20
9.805 0.014 0.395 20
9.793 -0.181 0.638 20
9.87 -0.113 0.586 20
9.921 -0.045 0.669 20
9.87 -0.182 0.55 20
9.842 -0.116 0.25 20
9.788 -0.215 -0.1 21
9.906 -0.058 -0.145 20
9.817 -0.215 0.155 20
9.652 -0.364 0.308 20
9.44 -0.438 0.432 20
9.709 -0.551 0.569 20
10.068 -0.537 0.48 20
10.079 -0.279 0.323 21
9.718 -0.067 0.489 20
9.195 -0.455 0.883 20
9.134 -0.601 1.087 20
9.146 -0.365 0.859 20
9.343 -0.094 0.73 20
9.604 -0.18 0.471 20
9.949 -0.116 0.618 21
10.307 -0.04 0.959 20
10.372 -0.09 0.936 20
10.512 -0.069 0.903 20
10.53 -0.13 0.801 20
10.349 -0.366 0.895 20
10.188 -0.432 0.998 20
10.111 -0.555 1.171 21
10.03 -0.364 1.049 20
9.869 -0.268 0.862 20
9.723 -0.159 0.773 20
9.559 -0.236 0.676 20
9.673 -0.277 0.847 20
9.773 -0.282 1.116 20
9.933 -0.366 1.139 21
9.842 -0.359 1.169 20
9.94 -0.463 1.191 20
9.914 -0.479 1.108 20
9.923 -0.466 1.11 20
9.938 -0.467 1.077 20
9.74 -0.556 0.963 20
9.582 -0.484 1.024 21
9.629 -0.421 1.022 20
9.642 -0.33 0.919 20
9.595 -0.352 0.788 20
9.607 -0.415 0.808 20
9.628 -0.451 0.89 20
9.679 -0.458 0.859 20
9.85 -0.269 0.819 21
9.979 -0.303 0.874 20
9.985 -0.373 0.922 20
9.787 -0.52 1.011 20
9.661 -0.647 1.102 20
9.787 -0.521 1.144 20
9.988 -0.509 0.967 20
10.105 -0.509 0.831 21
10.109 -0.603 0.852 20
10.015 -0.804 0.664 20
9.911 -0.841 0.52 20
9.871 -0.952 0.518 20
9.765 -1.255 0.386 20
9.777 -2.091 0.066 20
9.867 -2.948 -0.132 21
9.832 -3.821 0.074 20
9.22 -4.515 -0.076 20
7.758 -4.614 -0.402 20
5.983 -4.374 -0.366 20
4.401 -4.429 -0.185 20
3.703 -4.91 0.032 20
3.394 -5.366 -0.066 21
3.603 -5.02 0.104 20
4.159 -4.447 0.164 20
5.105 -4.296 -0.128 20
5.944 -4.77 0.033 20
6.412 -5.566 0.481 20
7.14 -6.303 1.338 20
8.563 -6.968 2.256 21
10.527 -7.394 3.141 20
12.016 -7.673 3.227 20
12.376 -7.388 3.401 20
12.139 -7.411 3.364 20
11.294 -7.81 2.701 20
10.197 -7.915 1.946 20
9.646 -8.086 1.318 21
10.699 -8.289 1.389 20
11.42 -8.065 1.686 20
11.354 -7.696 1.758 20
10.686 -7.835 1.584 20
9.853 -8.294 1.304 20
9.261 -8.823 1.083 20
8.055 -10.181 1.186 21
7.619 -10.172 1.288 20
7.918 -9.763 1.297 20
7.729 -9.698 1.179 20
6.944 -9.519 0.803 20
5.994 -9.143 0.198 20
5.057 -8.867 -0.434 20
4.343 -8.755 -0.753 21
3.996 -8.644 -0.769 20
3.316 -8.543 -0.217 20
2.943 -9.055 0.068 20
2.743 -9.58 0.375 20
2.709 -9.224 0.556 20
2.749 -9.045 0.554 20
2.769 -8.822 0.558 21
2.766 -9.034 0.624 20
2.579 -9.417 0.896 20
2.434 -10.014 1.144 20
2.404 -10.127 1.42 20
2.58 -9.857 1.573 20
2.659 -9.886 1.345 20
2.375 -10.02 1.121 21
2.341 -10.215 0.978 20
2.405 -10.064 1.305 20
2.472 -9.639 1.46 20
2.435 -9.388 1.544 20
2.445 -9.372 1.363 20
2.378 -9.123 1.337 20
2.211 -9.092 1.578 21
1.954 -9.598 1.474 20
1.953 -9.667 1.641 20
2.133 -8.944 1.886 20
2.042 -8.751 1.769 20
1.9 -8.89 1.494 20
1.669 -9.49 1.231 20
1.64 -9.46 1.486 20
1.68 -9.26 1.666 21
1.831 -9.021 1.806 20
1.945 -8.848 1.811 20
2.02 -8.916 1.948 20
1.922 -9.244 2.011 20
1.646 -9.456 1.601 20
1.587 -9.371 1.563 20
1.665 -9.203 1.687 21
1.87 -9.346 1.85 20
1.858 -9.422 1.85 20
1.755 -9.402 1.84 20
1.666 -9.516 1.724 20
1.143 -9.783 1.984 20
1.161 -9.84 2.286 20
1.401 -9.183 2.188 21
1.422 -9.032 2.095 20
1.333 -9.205 1.899 20
1.283 -9.54 1.635 20
1.577 -9.694 1.878 20
1.83 -9.528 2.224 20
1.705 -9.548 2.167 20
1.471 -9.28 1.867 21
1.441 -9.37 1.861 20
1.676 -9.41 2.131 20
1.88 -9.108 2.372 20
1.66 -9.04 1.983 20
1.049 -9.457 2.144 20
0.969 -9.73 2.249 20
1.124 -9.611 2.513 21
1.186 -9.594 2.254 20
1.141 -9.563 1.849 20
1.054 -9.385 1.78 20
1.057 -9.306 1.897 20
0.935 -9.488 2.287 20
0.903 -9.477 2.205 20
0.801 -9.436 2.193 21
0.767 -9.394 2.05 20
0.722 -9.427 1.784 20
1.158 -9.354 2.001 20
1.216 -9.15 2.159 20
1.101 -9.297 2.181 20
1.05 -9.247 2.183 20
1.248 -9.45 2.136 21
1.408 -9.616 1.984 20
1.62 -9.498 2.046 20
1.62 -9.497 2.071 20
1.508 -9.629 2.128 20
1.452 -9.697 2.148 20
1.575 -9.572 1.981 20
1.408 -9.472 1.885 21
1.253 -9.447 2.059 20
1.377 -9.43 2.245 20
1.382 -9.726 2.243 20
1.425 -9.568 2.192 20
1.108 -9.159 1.996 20
0.991 -9.225 1.951 20
1.117 -9.488 2.369 21
1.404 -9.399 2.521 20
1.357 -9.338 2.372 20
1.299 -9.472 2.278 20
1.235 -9.437 1.951 20
1.31 -9.454 1.99 20
1.232 -9.496 2.18 20
1.246 -9.226 2.344 21
1.115 -9.174 2.421 20
1.842 -10.378 3.711 20
1.548 -8.376 2.962 20
1.308 -9.423 2.168 20
1.233 -9.529 1.889 20
1.232 -9.516 1.63 20
1.519 -9.728 2.083 21
1.89 -9.642 2.362 20
1.872 -9.304 2.495 20
1.526 -9.345 2.697 20
0.854 -9.095 2.767 20
0.679 -9.319 2.668 20
0.666 -9.325 2.41 20
0.839 -9.174 2.272 21
1.199 -9.244 2.124 20
1.4 -9.362 2.313 20
1.292 -9.366 2.256 20
1.211 -9.278 2.153 20
1.258 -9.363 2.343 20
1.603 -9.634 2.441 20
1.992 -9.561 2.262 21
2.039 -9.394 2.013 20
1.817 -9.297 1.845 20
1.236 -9.298 2.082 20
1.305 -9.49 2.57 20
1.605 -9.404 2.656 20
1.744 -9.198 2.683 20
1.464 -9.061 2.488 21
1.181 -9.21 2.282 20
1.198 -9.487 2.145 20
1.551 -9.461 2.205 20
1.606 -9.416 2.205 20
1.627 -9.234 2.199 20
1.611 -9.414 2.231 20
1.808 -9.455 2.346 21
1.815 -9.522 2.301 20
1.501 -9.573 2.157 20
1.206 -9.463 1.805 20
1.412 -9.498 1.79 20
1.712 -9.413 2.063 20
1.673 -9.235 2.297 20
1.404 -9.199 2.135 21
1.183 -9.393 1.812 20
1.298 -9.464 2.16 20
1.635 -9.235 2.177 20
1.614 -9.219 2.184 20
1.713 -9.318 2.121 20
1.791 -9.4 2.068 20
1.722 -9.485 2.102 20
1.609 -9.694 2.067 21
1.732 -9.662 2.293 20
1.716 -9.518 2.002 20
1.678 -9.377 1.8 20
1.626 -9.227 1.83 20
1.533 -9.307 1.81 20
1.357 -9.503 1.811 20
1.276 -9.534 1.917 21
1.236 -9.446 1.882 20
1.434 -9.406 1.638 20
1.581 -9.398 1.829 20
1.663 -9.611 1.972 20
1.634 -9.655 2.017 20
1.672 -9.435 2.071 20
1.695 -9.421 1.915 21
1.737 -9.437 1.766 20
1.763 -9.445 1.798 20
1.534 -9.458 1.815 20
1.402 -9.336 1.786 20
1.387 -9.452 1.81 20
1.589 -9.471 1.984 20
1.628 -9.384 1.94 21
1.628 -9.337 1.736 20
1.753 -9.422 1.851 20
1.812 -9.548 1.952 20
1.642 -9.494 1.957 20
1.504 -9.505 2.002 20
1.543 -9.461 1.892 20
1.504 -9.175 0.933 21
1.612 -9.402 1.539 20
1.581 -9.368 1.2 20
1.633 -9.527 1.411 20
1.667 -9.531 1.788 20
1.585 -9.504 1.916 20
1.6 -9.505 2.184 20
1.834 -9.545 2.105 21
1.952 -9.285 1.941 20
1.806 -9.38 1.788 20
1.709 -9.364 1.583 20
1.756 -9.492 1.647 20
1.77 -9.492 1.645 20
# end
#Tue Apr 07 10:48:31 PDT 2015