# Accelerometer Values
# filename:  hifive__5.txt
# Saving start time: Tue Apr 07 10:50:26 MST 2015

# sensor resolution: 0.039230347m/s^2
#Sensorvendor: Invensense Inc., name: Invensense Accelerometer, type: 1,version : 4, range 19.613297

# X value, Y value, Z value, time diff in ms
3.194 -8.71 2.796 20
3.292 -8.826 2.534 20
3.434 -8.771 2.301 20
3.342 -8.593 2.634 20
3.282 -8.513 2.688 20
3.503 -8.839 2.777 20
3.617 -8.959 2.8 21
3.647 -8.922 2.701 20
3.642 -8.63 2.633 20
3.543 -8.6 2.422 20
3.33 -8.663 2.608 20
3.209 -8.762 2.721 20
3.263 -8.966 2.695 20
3.581 -8.81 2.695 21
3.739 -8.479 2.607 20
3.653 -8.31 2.434 20
3.405 -8.267 2.096 20
3.327 -8.374 2.052 20
3.479 -8.542 2.36 20
3.587 -8.669 2.588 20
3.747 -8.664 2.63 21
3.748 -8.771 2.328 20
3.783 -8.94 2.027 20
3.754 -8.808 2.073 20
4.015 -8.744 2.051 20
4.196 -8.848 2.093 20
4.27 -8.856 2.031 20
4.227 -8.789 1.884 21
4.095 -8.775 1.684 20
4.09 -8.743 1.585 20
4.154 -8.6 1.629 20
4.376 -8.78 1.75 20
4.589 -8.923 1.828 20
4.54 -8.976 1.798 20
4.364 -8.996 1.749 21
4.067 -8.737 1.68 20
3.966 -8.697 1.689 20
4.04 -8.755 1.851 20
4.039 -8.73 1.903 20
4.064 -8.69 1.708 20
3.911 -8.607 1.405 20
3.879 -8.472 1.319 21
4.046 -8.509 1.577 20
4.26 -8.635 1.742 20
4.447 -8.799 1.845 20
4.416 -8.718 1.624 20
4.283 -8.656 1.442 20
4.111 -8.676 1.319 20
3.979 -8.696 1.369 21
4.148 -8.797 1.464 20
4.347 -8.907 1.605 20
4.409 -8.775 1.502 20
4.276 -8.587 1.397 20
4.208 -8.476 1.199 20
4.221 -8.451 1.068 20
4.353 -8.6 1.144 21
4.507 -8.686 1.43 20
4.47 -8.835 1.612 20
4.306 -8.825 1.665 20
4.187 -8.758 1.464 20
4.331 -8.695 1.328 20
4.482 -8.737 1.212 20
4.55 -8.893 1.34 21
4.573 -8.88 1.281 20
4.446 -8.828 1.221 20
4.28 -8.635 1.3 20
4.149 -8.597 1.395 20
3.954 -8.587 1.509 20
4.063 -8.686 1.499 20
4.3 -8.702 1.291 21
4.47 -8.478 1.382 20
4.572 -8.272 1.436 20
4.613 -8.284 1.497 20
4.579 -8.631 1.551 20
4.659 -8.813 1.598 20
4.846 -8.877 1.686 20
5.013 -8.712 1.536 21
5.059 -8.466 1.401 20
5.056 -8.383 1.197 20
5.136 -8.686 1.053 20
5.619 -8.689 1.481 20
6.229 -8.558 1.757 20
6.788 -8.454 2.157 20
7.044 -8.507 2.002 21
7.561 -8.716 1.788 20
8.799 -8.492 1.46 20
10.236 -7.722 1.711 20
11.034 -7.987 2.734 20
11.802 -9.28 4.125 20
12.784 -10.235 4.867 20
13.766 -9.871 5.316 21
14.529 -9.086 5.636 20
15.49 -8.889 7.076 20
16.053 -9.539 8.658 20
16.796 -8.508 9.613 20
17.499 -7.122 10.486 20
17.385 -6.785 11.631 20
17.01 -6.598 13.18 21
17.055 -6.587 15.17 20
17.535 -7.824 16.182 20
17.162 -8.024 15.136 20
16.177 -7.852 14.11 20
14.358 -8.149 12.62 20
12.227 -8.439 12.272 20
9.626 -9.339 12.029 21
6.392 -9.02 11.014 20
2.004 -6.923 9.622 20
-1.19 -3.359 9.641 20
-3.315 -1.234 8.542 20
-4.349 0.644 10.285 20
-5.689 -0.382 11.856 20
-8.077 -1.874 11.585 21
-10.344 -1.232 8.929 20
-10.486 -1.378 6.768 20
-8.172 -3.438 6.716 20
-6.816 -4.799 6.507 20
-7.598 -7.346 6.336 20
-6.732 -7.814 4.034 20
-4.504 -8.104 -2.108 20
-4.656 -9.602 -8.344 21
-5.669 -11.692 -13.421 20
-5.694 -9.448 -18.198 20
-5.171 -3.83 -18.781 20
-1.268 2.258 -13.692 20
3.969 10.076 -10.443 20
5.199 13.353 -10.668 20
0.62 14.644 -8.122 21
-4.925 11.246 -5.904 20
-7.616 7.578 -2.856 20
-8.462 6.357 -0.535 20
-8.522 6.524 -0.772 20
-7.105 8.236 -2.071 20
-5.66 9.425 -2.809 20
-5.151 10.358 -4.026 21
-5.294 10.59 -5.337 20
-5.57 10.11 -5.266 20
-5.426 8.994 -4.659 20
-5.382 8.184 -3.423 20
-5.65 7.636 -1.899 20
-5.949 7.7 -1.215 20
-6.277 8.532 -2.491 21
-6.873 8.628 -3.923 20
-7.443 7.831 -4.552 20
-6.374 7.094 -3.899 20
-4.724 6.21 -2.992 20
-3.937 5.925 -3.288 20
-3.552 5.534 -4.969 20
-2.89 5.189 -5.621 21
-2.214 4.394 -4.996 20
-1.211 3.424 -3.996 20
-1.187 3.671 -4.058 20
-1.313 3.977 -3.878 20
-0.134 4.203 -2.777 20
1.201 3.249 -1.972 20
1.785 2.996 -1.533 21
0.38 5.459 -1.544 20
-0.624 5.903 -1.583 20
0.035 4.456 -1.617 20
1.617 3.808 -1.219 20
1.423 5.322 0.565 20
-0.955 7.066 0.004 20
-1.913 5.801 -0.942 21
-1.846 4.675 -1.059 20
-1.193 3.225 -1.128 20
-0.16 2.237 -0.183 20
1.2 1.876 0.965 20
2.757 1.13 1.684 20
3.053 0.183 1.818 20
3.825 -1.754 2.695 21
5.759 -2.078 3.134 20
9.519 -4.503 3.703 20
11.052 -7.167 7.12 20
11.463 -7.482 6.218 20
13.944 -8.938 6.738 20
15.673 -10.677 9.219 20
15.051 -15.162 7.353 21
14.629 -19.264 3.449 20
15.705 -19.404 1.233 20
18.509 -19.404 4.478 20
19.67 -19.404 13.136 20
19.67 -15.258 16.749 20
19.663 -19.123 7.556 20
18.922 -12.188 7.822 21
15.519 -7.065 2.871 20
12.34 -8.159 -1.164 20
8.492 -10.504 -4.013 20
4.197 -11.784 -4.145 20
1.255 -10.656 -2.964 20
1.575 -9.299 -3.167 20
3.995 -8.638 -1.944 21
4.286 -8.182 -0.862 20
3.667 -8.789 -0.176 20
2.598 -9.311 -0.049 20
1.717 -9.782 0.152 20
2.376 -10.083 0.337 20
3.393 -9.442 0.893 20
3.347 -9.026 1.234 21
2.659 -9.42 1.159 20
2.124 -9.727 1.342 20
2.384 -9.984 1.695 20
2.974 -9.734 2.147 20
3.476 -9.425 2.124 20
3.274 -9.571 2.036 20
2.679 -9.644 2.277 21
2.353 -9.586 2.359 20
2.287 -9.322 2.338 20
2.563 -9.062 2.281 20
2.551 -9.351 2.101 20
2.103 -9.581 2.082 20
2.121 -9.354 1.881 20
2.722 -8.961 1.976 21
3.124 -8.434 2.038 20
3.067 -8.13 1.997 20
2.759 -8.308 1.76 20
2.429 -8.959 1.687 20
2.505 -9.003 2.114 20
2.658 -8.823 2.368 20
2.736 -8.744 2.297 21
2.707 -8.719 2.424 20
2.784 -8.851 2.793 20
2.661 -9.144 3.143 20
2.696 -9.25 3.307 20
2.591 -9.124 3.18 20
2.457 -9.08 3.007 20
2.451 -8.905 2.743 21
2.421 -9.016 2.69 20
2.271 -9.202 2.59 20
2.324 -9.216 2.368 20
2.581 -9.218 2.288 20
2.571 -9.236 2.243 20
2.278 -8.941 2.026 20
2.634 -8.799 2.116 20
2.795 -9.223 2.21 21
2.827 -9.501 2.374 20
2.828 -9.266 2.68 20
2.833 -9.236 3.093 20
2.931 -9.091 3.207 20
2.935 -8.961 3.02 20
2.839 -9.085 2.677 20
2.607 -8.943 2.293 21
2.511 -8.652 2.018 20
2.477 -9.032 2.056 20
2.633 -9.261 2.455 20
3.029 -9.279 2.529 20
3.19 -9.293 2.521 20
3.078 -9.011 2.4 20
2.864 -8.747 2.382 21
2.692 -8.922 2.644 20
2.885 -9.043 3.107 20
3.195 -8.945 3.073 20
2.871 -8.822 2.729 20
2.679 -8.884 2.542 20
2.691 -9.149 2.611 20
3.072 -9.184 2.629 21
3.347 -9.106 2.325 20
3.054 -8.846 2.012 20
2.703 -8.865 2.328 20
2.619 -9.006 2.644 20
2.606 -9.211 3.141 20
2.74 -9.163 3.353 20
2.811 -8.867 3.427 21
2.483 -8.746 3.085 20
2.2 -8.929 2.991 20
2.318 -9.167 2.764 20
2.432 -9.155 2.533 20
2.634 -8.967 2.814 20
2.679 -8.907 2.715 20
2.811 -9.007 2.561 21
2.896 -9.169 2.418 20
2.813 -9.273 2.494 20
2.644 -9.05 2.48 20
2.636 -8.885 2.623 20
2.405 -9.107 2.504 20
2.419 -9.162 2.504 20
2.489 -9.207 2.595 21
2.485 -8.882 2.591 20
2.54 -8.813 2.522 20
2.59 -8.991 2.707 20
2.784 -9.034 2.599 20
2.813 -9.113 2.737 20
2.757 -9.108 2.645 20
2.775 -9.03 2.462 21
2.723 -9.005 2.276 20
2.701 -8.995 2.498 20
2.902 -9.046 2.659 20
2.711 -9.104 2.61 20
2.665 -9.158 2.57 20
2.671 -9.187 2.532 20
2.748 -9.087 2.545 21
2.812 -8.909 2.415 20
2.656 -8.903 2.502 20
2.611 -9.014 2.591 20
2.75 -9.002 2.502 20
2.832 -8.977 2.462 20
2.711 -9.04 2.51 20
2.521 -9.12 2.576 21
2.451 -9.142 2.538 20
2.563 -9.245 2.463 20
2.827 -8.922 2.176 20
2.785 -8.895 2.128 20
2.642 -9.0 2.306 20
2.617 -9.279 2.706 20
2.738 -9.528 2.856 21
2.775 -9.374 2.632 20
2.839 -9.168 2.623 20
2.741 -9.061 2.49 20
2.817 -9.074 2.247 20
2.656 -9.166 2.212 20
# end
#Tue Apr 07 10:50:32 MST 2015