# Accelerometer Values
# filename:  slap__2.txt
# Saving start time: Tue Apr 07 10:46:44 PDT 2015

# sensor resolution: 0.039230347m/s^2
#Sensorvendor: Invensense Inc., name: Invensense Accelerometer, type: 1,version : 4, range 19.613297

# X value, Y value, Z value, time diff in ms
5.783 -6.221 5.941 20
5.676 -6.376 5.698 20
5.531 -6.455 5.347 20
5.549 -6.465 5.156 20
5.406 -6.247 5.051 21
5.338 -6.312 5.003 20
5.3 -6.337 4.874 20
5.451 -6.104 4.982 20
5.505 -6.029 5.165 20
5.625 -6.064 5.303 20
5.633 -6.138 5.23 20
5.554 -6.345 5.329 21
5.523 -6.319 5.379 20
5.599 -6.202 5.12 20
5.411 -6.189 5.183 20
5.383 -6.271 5.135 20
5.362 -6.221 5.087 20
5.382 -6.239 5.125 20
5.501 -6.303 5.205 21
5.595 -6.342 5.173 20
5.644 -6.125 5.183 20
5.592 -6.039 5.068 20
5.591 -6.037 5.058 20
5.518 -6.024 5.032 20
5.541 -5.956 5.053 20
5.583 -6.102 5.05 20
5.551 -6.398 5.221 21
5.727 -6.321 5.2 20
5.743 -6.219 5.207 20
5.798 -6.14 5.131 20
5.678 -6.263 5.026 20
5.657 -6.376 4.899 20
5.538 -6.339 4.993 20
5.582 -6.362 4.832 21
5.861 -6.644 4.442 20
5.671 -6.382 5.022 20
5.793 -6.392 4.922 20
5.736 -6.641 4.791 20
5.773 -6.53 4.859 20
5.818 -6.428 5.014 20
5.758 -6.386 4.971 21
5.807 -6.337 4.857 20
5.726 -6.328 4.717 20
5.763 -6.397 4.644 20
5.814 -6.281 4.549 20
5.79 -6.136 4.606 20
5.759 -6.121 4.301 20
5.694 -6.414 4.296 21
5.687 -6.381 4.486 20
5.735 -6.386 4.417 20
5.795 -6.416 4.28 20
5.812 -6.494 4.362 20
5.903 -6.635 4.463 20
5.902 -6.676 4.637 20
5.811 -6.712 4.697 21
5.859 -6.627 4.565 20
5.818 -6.601 4.498 20
5.883 -6.741 4.395 20
5.794 -6.897 4.28 20
5.822 -6.896 4.45 20
5.81 -7.068 4.441 20
5.683 -6.878 4.321 21
5.728 -6.838 4.104 20
5.669 -6.799 3.83 20
5.713 -6.545 3.685 20
5.891 -6.364 3.699 20
6.149 -6.411 3.745 20
6.222 -6.526 3.899 20
6.234 -6.642 3.898 21
6.133 -6.575 4.032 20
6.173 -6.671 3.923 20
6.14 -6.788 3.922 20
6.082 -6.935 3.967 20
6.112 -7.012 3.997 20
5.98 -6.908 3.699 20
6.144 -6.669 3.823 21
6.014 -6.694 3.772 20
6.014 -6.836 3.801 20
5.95 -6.819 3.821 20
5.864 -6.813 3.751 20
5.844 -6.763 3.719 20
5.922 -6.765 3.882 20
5.906 -6.706 3.899 21
6.081 -6.667 3.9 20
6.062 -6.622 3.912 20
5.922 -6.426 3.874 20
6.068 -6.515 4.041 20
6.265 -6.71 4.06 20
6.332 -6.833 4.087 20
6.334 -6.677 3.962 21
6.217 -6.552 3.796 20
6.211 -6.478 3.702 20
6.097 -6.543 3.62 20
6.036 -6.795 3.569 20
5.989 -6.89 3.464 20
5.838 -6.861 3.363 20
5.971 -6.767 3.418 21
6.058 -6.781 3.678 20
6.194 -6.812 3.759 20
6.253 -6.852 3.826 20
6.121 -6.82 3.713 20
6.074 -6.816 3.571 20
6.09 -6.797 3.587 20
6.168 -6.887 3.543 21
6.187 -6.875 3.608 20
6.114 -6.873 3.493 20
6.08 -6.694 3.367 20
6.065 -6.6 3.444 20
6.193 -6.701 3.47 20
6.089 -6.767 3.77 20
6.098 -6.911 3.683 21
6.07 -6.829 3.656 20
6.038 -6.8 3.535 20
5.959 -6.797 3.676 20
6.171 -6.848 3.538 20
6.288 -6.638 3.777 20
6.23 -6.628 3.651 20
6.117 -6.712 3.61 21
6.18 -6.706 3.692 20
6.203 -6.697 3.79 20
6.164 -6.644 3.756 20
6.129 -6.69 3.723 20
6.24 -6.751 3.559 20
6.133 -6.701 3.652 20
6.15 -6.681 3.717 21
6.101 -6.757 3.623 20
5.978 -6.735 3.644 20
5.974 -6.617 3.666 20
6.161 -6.609 3.723 20
6.169 -6.762 3.759 20
6.061 -6.748 3.535 20
6.138 -6.765 3.721 21
6.106 -6.785 3.769 20
6.19 -6.782 3.644 20
6.312 -6.738 3.644 20
6.182 -6.78 3.71 20
6.172 -6.658 3.587 20
6.264 -6.684 3.564 20
6.229 -6.685 3.566 21
6.196 -6.771 3.681 20
6.219 -6.765 3.631 20
6.046 -6.67 3.564 20
6.058 -6.658 3.597 20
5.997 -6.728 3.662 20
6.16 -6.904 3.431 20
6.15 -6.819 3.548 21
6.212 -6.772 3.662 20
6.286 -6.712 3.586 20
6.32 -6.699 3.575 20
6.27 -6.815 3.393 20
6.453 -6.802 3.48 20
6.474 -6.816 3.482 20
6.523 -6.783 3.444 20
6.762 -6.877 3.135 21
7.118 -7.143 2.907 20
7.428 -7.093 3.169 20
7.278 -6.686 3.134 20
7.451 -6.705 3.138 20
7.486 -6.979 3.114 20
7.286 -6.845 3.356 20
7.429 -6.724 3.273 21
7.642 -6.763 3.098 20
7.973 -6.941 2.961 20
7.975 -6.158 3.0 20
8.734 -5.547 2.582 20
9.618 -5.956 2.509 20
9.78 -6.323 2.38 20
11.007 -5.764 1.858 21
11.15 -4.898 1.162 20
12.11 -5.258 0.657 20
12.947 -5.358 0.549 20
13.393 -6.38 0.765 20
13.584 -6.894 0.449 20
14.086 -5.836 -0.609 20
14.66 -4.069 -1.365 21
14.692 -3.247 -1.382 20
15.255 -4.386 -1.027 20
14.291 -5.946 -0.249 20
13.983 -6.321 -0.015 20
13.986 -5.006 0.738 20
13.968 -3.864 1.429 20
13.918 -3.432 1.24 21
12.62 -5.23 1.266 20
10.654 -7.14 1.975 20
8.149 -7.113 1.876 20
6.301 -6.594 1.642 20
5.314 -7.18 2.081 20
4.859 -7.885 1.766 20
4.849 -8.365 1.288 21
4.614 -9.216 2.896 20
3.86 -9.236 6.318 20
3.474 -9.285 8.777 20
4.409 -10.261 10.106 20
5.51 -11.68 11.093 20
6.029 -12.349 12.22 20
7.052 -12.971 12.845 21
8.02 -12.984 11.811 20
9.414 -12.048 7.727 20
10.647 -10.901 2.435 20
10.647 -10.09 0.08 20
10.506 -9.001 0.318 20
10.527 -9.421 0.825 20
11.109 -10.077 -0.14 21
12.208 -10.823 -2.595 20
12.656 -11.955 -3.916 20
12.422 -9.897 -5.471 20
12.378 -7.007 -7.757 20
11.358 -6.209 -7.667 20
11.248 -6.503 -6.426 20
11.464 -6.547 -6.32 21
11.161 -4.854 -7.405 20
9.942 -4.165 -9.125 20
10.83 -5.294 -10.386 20
12.573 -6.73 -10.511 20
12.271 -6.143 -9.355 20
11.441 -5.329 -9.14 20
10.484 -5.411 -8.895 21
9.988 -7.0 -8.629 20
9.85 -8.101 -8.802 20
10.338 -8.803 -8.118 20
10.328 -8.779 -6.895 20
10.097 -7.673 -6.754 20
9.817 -6.459 -7.071 20
9.643 -6.581 -6.702 21
9.59 -7.23 -5.822 20
9.565 -7.911 -4.627 20
9.64 -7.64 -3.982 20
9.464 -7.07 -3.753 20
9.669 -5.988 -3.962 20
9.904 -5.302 -4.039 20
10.307 -5.719 -4.232 21
10.974 -6.214 -3.907 20
12.333 -5.778 -4.538 20
14.143 -5.007 -5.169 20
15.453 -3.942 -5.41 20
15.032 -3.668 -3.22 20
11.909 -2.459 1.834 20
9.323 -1.525 2.778 21
9.509 -3.343 2.216 20
8.134 -2.329 3.674 20
8.142 -0.401 5.209 20
8.907 -0.96 5.525 20
8.776 -3.983 5.881 20
8.472 -6.548 6.744 20
8.362 -6.815 10.884 21
8.291 -5.041 12.485 20
7.595 -5.033 11.13 20
6.614 -5.683 10.947 20
6.257 -5.849 12.249 20
6.232 -5.567 12.861 20
6.436 -6.257 11.511 20
7.109 -7.252 10.806 21
7.225 -7.383 11.341 20
7.36 -8.682 12.167 20
6.454 -9.717 11.84 20
6.253 -10.886 11.288 20
6.663 -11.129 11.082 20
7.349 -10.864 10.776 20
7.251 -10.492 10.265 21
6.269 -10.34 9.354 20
6.574 -10.389 6.601 20
6.963 -10.373 2.258 20
7.83 -10.999 0.91 20
9.23 -13.166 -0.72 20
11.698 -16.224 -3.05 20
14.288 -13.553 -6.367 20
12.157 -6.723 -10.825 21
11.828 -6.882 -12.0 20
13.086 -8.421 -6.977 20
14.829 -9.348 -3.15 20
15.937 -6.965 -4.805 20
14.615 -4.127 -9.021 20
11.512 -3.514 -12.221 20
11.204 -5.087 -12.902 21
12.812 -6.737 -10.369 20
14.339 -7.655 -8.139 20
14.7 -7.417 -8.068 20
13.917 -7.863 -9.154 20
12.781 -7.642 -10.647 20
11.464 -6.978 -11.071 20
11.208 -7.001 -9.494 21
11.179 -7.924 -6.841 20
10.689 -7.711 -5.389 20
10.028 -6.731 -5.256 20
9.595 -5.731 -5.781 20
9.538 -4.761 -6.202 20
9.627 -4.385 -5.478 20
9.599 -4.168 -4.449 21
9.271 -3.646 -3.99 20
8.91 -2.802 -4.512 20
9.444 -2.622 -5.067 20
10.331 -3.172 -4.772 20
10.851 -2.893 -4.41 20
11.415 -3.081 -3.185 20
11.672 -5.703 -0.11 21
10.695 -5.673 1.976 20
10.665 -1.979 2.015 20
12.508 1.033 -0.476 20
12.997 -4.591 -1.904 20
13.587 -12.617 3.302 20
10.723 -12.489 6.925 20
6.748 -4.749 6.27 21
3.835 -4.52 6.514 20
3.505 -8.49 7.115 20
2.952 -8.28 9.768 20
2.761 -5.064 10.513 20
5.526 -3.22 7.489 20
7.153 -4.242 6.062 20
6.808 -4.799 6.896 21
5.745 -2.48 9.066 20
6.972 -1.954 9.593 20
8.699 -1.744 6.988 20
8.75 -1.367 4.034 20
5.256 -1.596 4.082 20
5.324 -1.626 4.968 20
6.076 -2.768 4.816 21
8.277 -2.532 3.021 20
11.38 -2.962 0.538 20
13.317 -5.265 -1.173 20
13.201 -5.622 -2.073 20
12.881 -6.829 -2.369 20
14.073 -6.199 -3.835 20
13.321 -2.641 -6.235 21
9.752 -0.195 -6.407 20
9.005 -2.699 -6.917 20
10.499 -5.148 -5.56 20
12.865 -7.751 -3.283 20
14.833 -10.578 -3.133 20
14.587 -7.139 -5.451 20
12.234 -4.085 -5.675 21
10.883 -5.554 -4.383 20
10.23 -9.648 -3.734 20
11.513 -13.113 -1.499 20
13.001 -13.607 -1.74 20
13.097 -12.367 -2.639 20
13.092 -10.435 -2.755 20
13.063 -9.334 -2.73 21
12.6 -8.334 -2.906 20
12.051 -7.27 -2.773 20
10.798 -6.788 -1.746 20
9.309 -7.089 -1.308 20
7.768 -7.495 -1.264 20
6.549 -8.182 -1.166 20
4.932 -8.322 -1.344 21
3.552 -8.61 -1.592 20
2.735 -8.941 -1.575 20
2.471 -9.176 -1.096 20
2.552 -9.273 -0.819 20
2.489 -9.59 -0.496 20
2.906 -10.029 -0.202 20
2.406 -10.363 -0.108 21
1.753 -10.699 -0.1 20
1.655 -10.683 -0.074 20
2.0 -10.23 -0.255 20
2.143 -9.719 -0.482 20
1.889 -9.156 -0.235 20
1.983 -9.066 -0.219 20
2.11 -9.069 -0.34 21
2.682 -8.912 -0.407 20
3.209 -8.636 -0.109 20
3.201 -8.717 0.194 20
3.336 -9.035 0.549 20
3.607 -9.488 0.502 20
3.768 -9.692 0.5 20
3.674 -9.31 0.377 21
3.706 -8.813 0.315 20
3.744 -8.83 0.054 20
3.792 -9.198 -0.043 20
3.737 -9.196 -0.074 20
3.508 -8.672 0.009 20
3.573 -8.745 0.157 20
3.777 -8.933 0.192 21
3.808 -9.089 0.291 20
3.532 -9.335 0.274 20
3.52 -9.415 0.197 20
3.506 -9.137 0.113 20
3.695 -9.062 0.173 20
3.909 -9.018 0.319 20
4.165 -8.981 0.534 20
4.058 -8.94 0.892 21
3.741 -9.025 1.047 20
3.64 -9.121 0.889 20
3.597 -9.258 0.555 20
3.743 -9.112 0.522 20
3.521 -8.8 0.565 20
3.422 -8.561 0.651 20
3.601 -8.638 0.725 21
3.848 -8.84 0.71 20
3.912 -8.646 0.981 20
4.092 -8.892 1.206 20
3.836 -8.997 1.221 20
3.868 -8.982 1.325 20
3.946 -8.877 1.175 20
3.895 -8.98 1.24 21
3.759 -9.056 1.131 20
3.579 -9.003 0.976 20
3.723 -8.651 0.975 20
3.846 -8.643 0.956 20
3.832 -8.872 1.059 20
3.836 -9.167 1.038 20
4.017 -8.996 0.874 21
4.126 -8.486 0.895 20
4.098 -8.378 1.129 20
4.053 -8.969 1.423 20
3.98 -9.6 1.483 20
3.916 -9.531 1.177 20
3.762 -8.918 0.921 20
3.594 -8.672 0.888 21
3.521 -8.977 1.019 20
3.531 -9.432 0.813 20
3.66 -9.712 0.732 20
3.685 -9.294 0.813 20
3.574 -8.808 1.044 20
3.659 -8.682 1.263 20
3.752 -8.827 1.348 21
3.88 -9.053 1.433 20
3.709 -9.024 1.328 20
3.731 -9.098 1.371 20
3.611 -9.198 1.519 20
3.683 -9.242 1.33 20
3.658 -9.066 1.314 20
3.679 -8.916 1.364 21
3.506 -8.807 1.419 20
3.566 -8.916 1.517 20
3.746 -8.992 1.564 20
3.75 -8.908 1.531 20
3.722 -8.805 1.626 20
3.61 -8.871 1.695 20
3.55 -8.949 1.528 21
3.537 -8.874 1.425 20
3.358 -8.91 1.571 20
3.334 -9.211 1.634 20
3.291 -9.425 1.7 20
3.32 -9.349 1.771 20
3.307 -9.164 1.793 20
3.274 -9.004 1.718 21
3.026 -9.101 1.348 20
3.055 -8.989 1.295 20
3.105 -8.92 1.294 20
3.138 -8.926 1.32 20
3.177 -8.965 1.475 20
3.234 -9.025 1.683 20
3.386 -9.213 1.726 21
3.366 -9.202 1.661 20
3.251 -8.955 1.527 20
3.276 -8.932 1.5 20
3.314 -9.099 1.371 20
3.375 -9.207 1.491 20
3.366 -9.301 1.691 20
3.435 -9.221 1.823 21
3.351 -9.196 1.737 20
3.2 -9.125 1.25 20
3.274 -9.202 0.909 20
3.201 -9.065 1.015 20
3.103 -8.887 1.257 20
2.985 -8.856 1.415 20
3.047 -9.035 1.625 21
3.052 -9.273 1.663 20
3.113 -9.352 1.609 20
3.339 -9.003 1.661 20
3.464 -8.86 1.799 20
3.6 -9.048 1.841 20
3.378 -9.116 1.738 20
3.357 -9.015 1.753 21
3.296 -9.041 1.618 20
3.251 -9.178 1.537 20
3.179 -9.332 1.615 20
3.14 -9.37 1.704 20
3.138 -9.231 1.502 20
3.191 -9.049 1.416 20
3.313 -8.962 1.243 21
3.463 -8.88 1.285 20
3.537 -8.91 1.342 20
3.536 -9.046 1.57 20
3.51 -9.293 1.594 20
3.477 -9.297 1.629 20
3.446 -9.143 1.68 20
3.431 -8.964 1.608 21
3.24 -9.093 1.553 20
3.362 -9.24 1.692 20
3.327 -9.247 1.793 20
3.383 -9.183 1.855 20
3.496 -9.093 1.844 20
3.488 -9.052 1.674 20
3.242 -9.069 1.694 21
3.05 -8.935 1.628 20
3.113 -9.126 1.585 20
3.154 -9.058 1.693 20
3.168 -8.941 1.685 20
3.204 -8.913 1.658 20
3.283 -8.973 1.574 20
3.184 -9.06 1.609 20
3.087 -8.909 1.625 21
3.299 -8.831 1.656 20
3.388 -8.995 1.714 20
3.497 -9.019 1.654 20
3.631 -8.965 1.719 20
3.539 -8.997 1.771 20
3.412 -9.214 1.75 20
3.453 -9.18 1.768 21
3.524 -9.163 1.692 20
3.523 -8.984 1.788 20
3.438 -8.784 1.733 20
3.423 -8.903 1.646 20
3.4 -9.042 1.511 20
3.307 -8.934 1.545 20
3.371 -8.781 1.622 21
3.34 -8.832 1.633 20
3.433 -9.043 1.843 20
3.464 -9.074 1.997 20
3.421 -9.106 2.008 20
3.312 -9.021 1.889 20
3.087 -8.931 1.769 20
3.252 -9.009 1.681 21
3.391 -8.948 1.814 20
3.494 -8.906 1.87 20
3.52 -8.971 1.771 20
3.495 -9.106 1.739 20
3.514 -9.195 1.93 20
3.495 -9.157 1.878 20
3.482 -8.941 2.008 21
3.581 -8.879 1.962 20
3.581 -8.844 1.828 20
3.517 -8.908 1.754 20
3.538 -9.098 1.858 20
3.293 -9.071 1.762 20
3.269 -9.148 1.565 20
3.375 -8.901 1.705 21
3.483 -8.97 1.566 20
3.467 -9.086 1.667 20
3.549 -9.106 1.83 20
3.563 -9.129 1.899 20
3.569 -9.106 1.917 20
3.414 -8.882 1.876 20
3.411 -8.853 2.012 21
3.21 -8.814 1.791 20
3.237 -8.873 1.684 20
# end
#Tue Apr 07 10:46:54 PDT 2015