# Accelerometer Values
# filename:  slap__4.txt
# Saving start time: Tue Apr 07 10:47:15 PDT 2015

# sensor resolution: 0.039230347m/s^2
#Sensorvendor: Invensense Inc., name: Invensense Accelerometer, type: 1,version : 4, range 19.613297

# X value, Y value, Z value, time diff in ms
2.742 -8.363 2.781 20
2.752 -8.357 2.709 20
2.718 -8.353 2.736 20
2.777 -8.608 2.949 20
2.902 -8.93 3.361 20
2.99 -9.019 3.328 20
2.987 -8.935 3.344 21
2.87 -8.791 3.072 20
2.761 -8.604 2.67 20
2.702 -8.627 2.738 20
2.822 -8.753 2.726 20
2.918 -8.776 2.753 20
2.993 -8.671 2.757 20
3.04 -8.582 2.764 21
3.085 -8.669 2.78 20
3.292 -8.754 2.755 20
3.508 -8.873 2.705 20
3.521 -8.935 2.812 20
3.44 -8.958 2.777 20
3.523 -8.996 2.808 20
3.407 -9.041 2.822 21
3.402 -9.078 2.802 20
3.203 -9.073 2.425 20
3.09 -8.834 2.12 20
3.101 -8.721 1.954 20
3.198 -8.691 2.143 20
3.14 -8.982 2.449 20
3.171 -9.241 2.629 21
3.068 -9.372 2.714 20
2.864 -9.297 2.542 20
3.026 -8.94 2.192 20
3.041 -8.81 1.937 20
3.307 -8.891 1.817 20
3.154 -9.063 1.983 20
3.065 -9.024 1.814 21
3.441 -9.073 2.106 20
3.488 -8.984 2.105 20
3.691 -8.988 2.075 20
3.673 -9.153 1.976 20
3.512 -9.227 1.865 20
3.529 -9.308 1.52 20
3.443 -9.063 1.718 21
3.544 -8.982 1.851 20
3.551 -9.133 2.101 20
3.51 -9.368 1.849 20
3.437 -9.262 1.646 20
3.26 -8.931 1.58 20
2.916 -9.017 1.189 20
3.202 -9.191 1.241 21
3.144 -9.348 1.402 20
3.145 -9.306 1.51 20
3.024 -9.315 1.53 20
2.911 -9.147 1.406 20
3.078 -9.021 1.304 20
3.218 -8.978 1.178 20
3.126 -9.039 1.3 21
3.25 -9.249 1.228 20
3.154 -9.605 1.06 20
3.15 -9.495 1.01 20
3.262 -9.184 1.224 20
3.272 -9.033 1.192 20
3.528 -9.146 0.805 20
3.1 -9.247 1.138 20
2.94 -9.584 1.519 21
3.19 -9.615 1.531 20
3.297 -9.36 1.083 20
3.262 -9.208 0.973 20
3.531 -9.008 0.749 20
3.602 -8.54 0.327 20
3.456 -8.487 0.084 20
3.17 -8.802 -0.261 21
3.007 -9.135 -0.112 20
3.02 -9.108 0.281 20
3.114 -9.178 0.577 20
3.168 -9.179 0.735 20
3.124 -9.449 0.557 20
3.05 -9.385 -0.074 20
3.028 -9.189 -0.249 21
3.044 -9.031 -0.204 20
3.255 -9.164 -0.131 20
3.428 -9.267 0.055 20
3.525 -9.368 0.086 20
3.629 -9.658 0.26 20
3.469 -9.621 0.043 20
3.258 -9.803 0.163 21
3.223 -9.624 0.245 20
3.117 -9.244 0.353 20
3.119 -9.189 0.309 20
3.267 -9.288 0.048 20
3.401 -9.204 -0.185 20
3.525 -9.144 -0.199 20
3.747 -9.429 -0.065 21
4.468 -9.361 0.076 20
5.5 -9.032 -0.156 20
4.636 -8.786 0.115 20
4.298 -9.165 0.444 20
4.52 -9.884 0.0 20
5.588 -10.337 -1.191 20
7.124 -10.682 -0.725 21
7.596 -9.741 -0.382 20
6.739 -9.154 -1.133 20
4.563 -8.878 -2.97 20
6.455 -9.557 -2.373 20
7.529 -9.888 -2.251 20
7.386 -10.022 -2.938 20
7.898 -9.927 -3.206 21
8.702 -9.841 -3.845 20
9.353 -10.009 -4.236 20
10.432 -9.579 -4.077 20
10.66 -9.047 -4.127 20
11.491 -9.329 -3.189 20
11.753 -9.368 -3.544 20
11.519 -9.026 -3.684 21
11.733 -7.983 -2.441 20
11.757 -7.454 -1.123 20
10.849 -7.138 -1.168 20
10.4 -6.4 -0.425 20
10.868 -4.443 -0.791 20
9.936 -3.65 0.26 20
9.75 -3.669 2.069 21
9.516 -4.49 3.555 20
8.921 -4.597 4.594 20
7.238 -3.404 6.376 20
5.596 -4.985 5.36 20
4.681 -8.994 4.858 20
4.765 -14.079 5.623 20
5.146 -16.508 12.574 21
4.261 -14.252 15.826 20
2.987 -14.027 15.272 20
2.094 -14.784 13.508 20
2.516 -14.398 11.139 20
5.942 -13.745 9.571 20
8.88 -14.335 6.82 20
11.707 -16.312 3.3 21
14.71 -18.742 -1.919 20
17.295 -17.627 -8.847 20
13.741 -11.044 -12.684 20
10.609 -10.334 -12.069 20
12.446 -12.258 -11.899 20
13.243 -12.52 -12.27 20
13.551 -9.696 -14.98 21
10.999 -9.597 -15.28 20
9.464 -10.414 -14.789 20
9.191 -9.939 -13.54 20
8.298 -9.584 -11.419 20
8.303 -9.827 -10.944 20
8.158 -9.582 -11.865 20
7.547 -9.03 -12.9 21
6.902 -8.34 -12.974 20
6.16 -7.402 -12.141 20
6.238 -6.722 -11.182 20
7.763 -6.372 -10.057 20
9.405 -7.374 -8.301 20
9.211 -7.87 -7.286 20
8.535 -7.116 -6.904 21
8.14 -5.281 -6.552 20
8.856 -3.314 -5.785 20
10.101 -1.706 -4.848 20
10.358 -0.315 -4.214 20
10.434 -1.103 -3.73 20
12.072 -6.096 -0.44 20
14.736 -11.236 6.221 21
15.45 -9.084 10.299 20
14.082 -9.116 7.157 20
11.464 -12.355 7.876 20
10.327 -12.997 11.42 20
9.851 -12.969 14.107 20
8.908 -13.239 15.245 20
8.743 -12.406 16.103 21
9.314 -12.035 16.315 20
9.667 -11.515 16.132 20
8.834 -10.911 14.435 20
8.148 -10.868 12.126 20
7.436 -10.078 11.089 20
6.436 -9.323 9.938 20
6.063 -9.737 7.464 20
7.156 -10.405 3.032 21
10.812 -10.527 -1.604 20
12.655 -8.855 -5.001 20
12.982 -10.572 -3.892 20
14.691 -11.462 -5.66 20
18.112 -8.317 -10.176 20
18.075 -5.389 -13.412 20
15.934 -5.087 -11.898 21
13.963 -5.891 -10.457 20
13.554 -7.69 -9.311 20
14.739 -8.157 -13.962 20
13.462 -5.085 -15.425 20
10.055 -3.481 -14.239 20
8.638 -4.858 -14.774 20
8.318 -6.245 -14.455 21
8.916 -6.28 -12.675 20
10.364 -5.841 -10.168 20
11.499 -6.003 -8.3 20
11.652 -5.31 -8.126 20
11.819 -3.446 -8.911 20
11.686 -1.264 -9.738 20
10.754 -0.187 -9.704 21
9.992 -1.043 -8.9 20
9.869 -3.727 -7.151 20
9.251 -4.302 -5.029 20
8.611 -3.435 -3.239 20
9.485 -6.138 -1.491 20
13.162 -13.597 0.563 20
14.641 -17.576 2.396 21
12.708 -18.784 3.346 20
11.418 -19.409 7.406 20
11.366 -19.044 10.153 20
11.635 -17.216 14.92 20
11.773 -15.165 18.574 20
11.095 -14.01 19.409 20
10.315 -13.414 18.08 21
9.171 -13.009 14.19 20
8.075 -11.834 10.437 20
7.662 -10.105 9.041 20
7.63 -8.944 9.628 20
7.984 -8.736 9.951 20
8.467 -8.443 9.446 20
8.966 -8.166 7.074 21
10.121 -8.374 3.557 20
11.585 -9.866 0.274 20
12.744 -12.359 -2.634 20
15.953 -12.564 -6.628 20
16.111 -7.919 -11.104 20
13.636 -4.951 -10.083 20
11.69 -5.436 -6.126 21
12.198 -9.098 -5.816 20
13.587 -9.413 -9.095 20
12.358 -4.852 -14.038 20
9.06 -0.383 -16.253 20
6.405 1.135 -16.68 20
5.081 0.631 -15.279 20
6.5 -0.878 -11.811 21
8.269 -2.285 -8.458 20
10.269 -3.893 -6.776 20
10.835 -4.59 -7.563 20
10.291 -3.748 -9.191 20
9.153 -2.386 -10.3 20
8.183 -2.266 -10.608 20
8.176 -3.271 -11.303 21
8.504 -3.296 -12.096 20
9.365 -3.696 -11.593 20
9.757 -3.538 -11.459 20
9.567 -2.788 -12.1 20
8.84 -2.619 -11.743 20
6.875 -2.814 -10.613 20
6.855 -2.969 -10.133 21
11.963 -10.154 -7.863 20
18.446 -19.409 -3.675 20
18.477 -19.409 0.938 20
14.513 -17.549 4.99 20
12.997 -13.32 10.858 20
15.807 -7.269 18.475 20
15.732 -2.162 19.381 21
12.749 -3.394 15.373 20
10.77 -4.404 6.941 20
9.308 -2.703 1.943 20
8.937 0.236 -0.71 20
8.408 2.352 -0.481 20
7.744 1.603 0.776 20
7.0 0.313 1.417 21
6.479 -0.927 1.567 20
5.406 -1.298 1.906 20
5.081 -1.058 1.738 20
5.528 -1.688 1.072 20
5.364 -3.149 0.44 20
5.114 -4.425 -0.453 20
4.596 -3.765 -1.168 21
4.163 -3.492 -1.378 20
4.073 -4.073 -1.447 20
4.898 -5.091 -1.489 20
6.583 -5.248 -1.609 20
8.572 -4.605 -1.727 20
9.585 -4.513 -1.923 20
10.416 -5.578 -1.642 21
13.664 -7.546 -2.985 20
17.166 -7.737 -4.479 20
19.344 -7.205 -4.382 20
19.716 -7.614 -3.902 20
18.897 -8.953 -3.742 20
16.498 -9.011 -3.989 20
14.55 -9.024 -3.77 21
13.729 -9.063 -3.364 20
13.119 -9.698 -3.174 20
12.427 -10.099 -3.266 20
11.226 -9.697 -3.277 20
9.993 -9.204 -3.038 20
9.42 -9.143 -2.76 20
9.322 -8.836 -1.971 21
8.901 -9.046 -1.602 20
7.715 -9.304 -1.709 20
6.196 -9.093 -2.018 20
4.442 -9.284 -1.967 20
3.444 -9.733 -1.293 20
3.22 -9.956 -1.137 20
3.114 -9.518 -1.136 20
2.003 -9.277 -0.732 21
1.137 -9.803 -0.519 20
0.547 -10.116 -0.464 20
0.774 -10.034 -0.36 20
0.892 -9.574 -0.015 20
0.454 -9.539 0.366 20
0.085 -10.158 0.521 20
-0.082 -10.681 0.314 21
0.581 -10.489 0.229 20
1.275 -9.862 0.355 20
2.089 -9.627 1.168 20
2.083 -8.721 0.344 20
1.989 -9.305 -0.383 20
1.963 -9.445 -0.65 20
2.352 -9.289 -0.774 21
2.552 -9.117 -0.853 20
2.471 -9.245 -0.665 20
2.249 -9.661 -0.491 20
2.04 -9.848 -0.457 20
2.388 -9.649 -0.763 20
2.727 -9.068 -0.793 20
2.833 -8.688 -0.709 21
2.934 -9.029 -0.769 20
2.696 -9.404 -0.79 20
2.674 -9.759 -0.576 20
2.784 -9.719 -0.501 20
2.841 -9.317 -0.428 20
2.801 -9.314 -0.57 20
2.609 -9.473 -0.931 21
2.42 -9.411 -1.138 20
2.327 -9.251 -1.119 20
2.304 -9.176 -0.887 20
2.454 -9.157 -0.334 20
2.376 -9.295 -0.118 20
2.167 -9.581 0.017 20
2.159 -9.49 -0.385 21
2.184 -9.563 -0.601 20
2.122 -9.658 -0.841 20
2.247 -9.48 -0.888 20
2.723 -9.554 -0.512 20
2.612 -9.611 -0.48 20
2.639 -9.42 -0.76 20
2.687 -9.223 -0.737 21
2.668 -9.233 -0.742 20
2.747 -9.52 -0.952 20
2.758 -9.496 -1.007 20
2.639 -9.516 -0.953 20
2.849 -9.201 -1.135 20
2.834 -9.238 -1.039 20
2.646 -9.354 -1.123 21
2.486 -9.503 -1.064 20
2.668 -9.29 -0.782 20
2.812 -9.261 -0.807 20
2.759 -9.333 -1.019 20
2.43 -9.304 -0.795 20
2.537 -9.349 -0.612 20
2.597 -9.341 -0.788 21
2.658 -9.382 -1.117 20
2.637 -9.416 -0.946 20
2.746 -9.316 -0.887 20
2.811 -9.288 -0.905 20
2.752 -9.461 -0.879 20
2.595 -9.429 -0.866 20
2.518 -9.327 -0.893 21
2.543 -9.399 -1.134 20
2.74 -9.323 -1.144 20
3.254 -9.056 -1.03 20
3.297 -9.022 -0.8 20
2.873 -9.646 -0.478 20
2.781 -9.769 -0.604 20
2.958 -9.531 -0.519 21
3.294 -9.272 -0.166 20
3.594 -9.147 0.007 20
3.316 -10.121 -0.068 20
2.905 -10.59 -0.46 20
2.537 -10.134 -0.377 20
2.61 -9.328 -0.36 20
2.882 -8.971 -0.194 21
3.112 -9.225 -0.132 20
2.922 -9.958 -0.126 20
2.514 -10.527 0.233 20
2.678 -9.766 0.932 20
2.769 -9.236 1.121 20
2.861 -9.274 1.346 20
2.866 -9.181 1.417 21
2.814 -9.211 1.672 20
2.666 -9.423 1.841 20
2.362 -9.21 2.053 20
2.566 -8.859 1.994 20
2.527 -8.618 2.033 20
2.377 -8.531 1.828 20
2.351 -8.55 1.655 21
2.232 -8.735 1.789 20
2.034 -8.84 1.944 20
2.152 -8.919 2.266 20
2.26 -9.028 2.332 20
2.421 -9.0 2.318 20
2.379 -8.721 2.183 20
2.442 -8.742 2.18 21
2.429 -9.058 2.183 20
2.435 -9.397 2.353 20
2.452 -9.469 2.658 20
2.464 -9.428 2.582 20
2.414 -9.302 2.411 20
2.273 -9.148 1.994 20
2.155 -9.169 1.817 21
2.239 -9.23 1.925 20
2.269 -9.446 2.052 20
2.154 -9.542 2.053 20
2.337 -9.317 2.229 20
2.345 -9.211 2.2 20
2.304 -9.45 2.035 20
2.273 -9.482 1.793 20
1.784 -9.32 1.658 21
1.52 -9.258 1.866 20
1.365 -9.308 1.701 20
1.422 -9.359 1.822 20
1.43 -9.495 1.799 20
1.574 -9.474 1.716 20
2.022 -9.392 1.832 20
2.24 -9.371 1.699 21
2.25 -9.23 1.568 20
2.317 -9.188 1.793 20
2.175 -9.408 2.124 20
2.075 -9.582 2.101 20
2.102 -9.369 1.995 20
2.144 -9.229 1.971 20
1.999 -9.147 1.95 21
1.934 -9.337 2.097 20
2.016 -9.569 2.199 20
1.832 -9.67 2.191 20
1.871 -9.464 2.064 20
2.003 -9.37 1.961 20
1.942 -9.349 1.881 20
1.844 -9.467 1.57 21
1.796 -9.537 1.561 20
1.861 -9.272 1.557 20
2.029 -9.322 1.594 20
2.047 -9.507 1.846 20
1.933 -9.541 2.084 20
1.929 -9.513 2.074 20
1.96 -9.531 2.286 21
2.182 -9.707 2.603 20
2.398 -9.505 2.298 20
2.512 -9.351 2.077 20
2.388 -9.232 2.324 20
1.974 -9.145 2.475 20
1.614 -9.043 2.304 20
1.803 -8.92 1.83 21
1.89 -9.08 1.486 20
2.202 -9.153 1.511 20
2.238 -9.376 1.699 20
2.215 -9.544 2.252 20
2.093 -9.574 2.499 20
2.015 -9.484 2.339 20
1.997 -9.358 2.107 21
1.956 -9.553 2.327 20
1.963 -9.659 2.474 20
1.792 -9.554 2.377 20
2.043 -9.138 2.142 20
2.186 -8.957 1.884 20
2.129 -9.011 1.713 20
1.94 -9.169 1.917 21
1.948 -9.423 2.187 20
2.059 -9.486 2.235 20
2.473 -9.499 2.183 20
2.59 -9.329 2.143 20
2.445 -9.217 1.984 20
2.109 -9.17 1.983 20
1.921 -9.269 1.854 21
2.021 -9.26 2.169 20
1.993 -9.296 2.192 20
2.019 -9.297 2.215 20
2.014 -9.305 2.155 20
2.094 -9.289 2.121 20
2.161 -9.25 2.012 20
2.136 -9.11 2.072 21
2.212 -9.372 2.014 20
2.157 -9.484 1.998 20
2.166 -9.454 2.08 20
2.16 -9.411 2.061 20
2.142 -9.279 2.036 20
2.251 -9.289 2.053 20
2.235 -9.345 2.328 21
2.197 -9.383 2.238 20
2.108 -9.225 2.089 20
2.065 -9.338 1.861 20
2.011 -9.393 2.025 20
2.035 -9.292 2.193 20
2.157 -9.361 2.125 20
2.311 -9.22 2.002 21
2.276 -9.406 1.893 20
2.179 -9.369 2.014 20
2.076 -9.351 2.02 20
2.024 -9.395 2.085 20
2.27 -9.344 2.026 20
2.34 -9.322 2.252 20
2.094 -9.357 2.086 21
2.086 -9.253 2.03 20
2.15 -9.282 1.881 20
2.089 -9.348 1.989 20
2.151 -9.265 2.228 20
2.149 -9.166 2.161 20
2.268 -9.393 2.107 20
2.29 -9.315 2.276 21
2.12 -9.123 2.116 20
2.126 -9.135 2.055 20
2.144 -9.258 2.006 20
2.204 -9.411 2.27 20
2.183 -9.487 2.353 20
2.093 -9.41 1.928 20
2.288 -9.247 2.045 21
2.222 -9.277 1.913 20
2.117 -9.272 1.978 20
2.171 -9.357 2.044 20
2.043 -9.336 2.012 20
1.885 -9.292 1.965 20
1.997 -9.366 2.155 20
2.222 -9.369 2.289 21
2.158 -9.39 2.224 20
1.95 -9.343 1.761 20
2.025 -9.332 1.767 20
2.118 -9.287 1.599 20
2.148 -9.349 2.033 20
2.034 -9.593 2.29 20
2.045 -9.468 2.51 20
2.186 -9.355 2.388 21
2.104 -9.268 2.198 20
2.011 -9.157 2.127 20
1.923 -9.122 1.842 20
2.018 -9.151 1.883 20
# end
#Tue Apr 07 10:47:26 PDT 2015