# Accelerometer Values
# filename:  slap__1.txt
# Saving start time: Tue Apr 07 10:46:17 PDT 2015

# sensor resolution: 0.039230347m/s^2
#Sensorvendor: Invensense Inc., name: Invensense Accelerometer, type: 1,version : 4, range 19.613297

# X value, Y value, Z value, time diff in ms
3.123 2.873 9.526 20
3.117 3.489 9.196 20
2.637 3.592 8.711 20
2.537 2.598 8.764 21
2.558 1.704 9.488 20
2.59 1.831 9.538 20
2.756 2.881 9.345 20
2.176 3.008 8.755 20
1.589 2.644 8.729 20
1.665 2.175 9.425 20
2.033 1.42 9.749 21
2.158 0.41 10.201 20
1.02 2.083 10.105 20
1.393 3.816 10.729 20
1.313 2.324 8.504 20
1.029 2.679 8.305 20
1.829 2.551 8.46 20
2.351 2.331 8.744 21
2.604 1.411 8.44 20
3.148 1.765 7.86 20
2.819 3.363 8.446 20
2.755 3.859 8.75 20
3.011 4.352 8.351 20
2.85 4.36 8.375 20
2.961 3.915 8.81 21
3.639 2.736 9.118 20
3.877 2.647 8.909 20
3.538 3.517 8.359 20
3.824 3.538 8.36 20
4.078 3.303 9.126 20
4.121 2.484 9.541 20
3.981 2.292 8.928 21
3.828 3.156 8.755 20
3.906 3.672 8.684 20
3.714 3.275 9.244 20
3.46 2.816 8.497 20
3.794 2.287 9.481 20
3.603 2.197 9.584 20
3.28 2.406 8.546 21
3.053 2.357 9.022 20
2.954 2.252 9.448 20
3.241 2.369 9.307 20
2.845 2.421 8.78 20
2.646 2.04 8.889 20
2.241 2.509 8.674 20
2.192 2.296 8.928 21
2.806 1.353 9.904 20
2.019 1.852 9.75 20
2.077 1.744 9.351 20
1.923 1.8 8.566 20
2.295 2.028 8.984 20
2.215 0.916 10.282 20
1.498 -0.159 10.094 21
1.229 1.391 9.519 20
1.741 1.371 9.72 20
2.126 0.048 10.07 20
1.841 1.059 9.172 20
1.985 1.16 9.144 20
2.313 0.22 9.631 20
2.193 0.491 9.693 21
1.945 0.877 9.797 20
2.048 0.094 10.213 20
1.91 0.707 10.492 20
1.914 1.187 9.744 20
1.658 0.588 9.291 20
1.416 0.544 9.198 20
1.309 0.73 9.378 21
1.086 1.298 9.149 20
1.224 1.302 9.017 20
1.544 0.653 9.622 20
1.619 0.156 10.185 20
1.659 0.801 9.717 20
2.047 1.465 9.484 20
1.919 1.052 9.498 21
1.85 1.114 9.263 20
1.745 1.421 8.777 20
1.889 1.525 8.833 20
1.882 1.049 9.454 20
1.884 0.346 10.211 20
2.0 0.224 10.362 20
1.7 0.843 9.634 20
1.612 1.397 9.058 21
1.718 1.047 9.189 20
1.748 0.612 9.486 20
1.897 1.361 9.661 20
2.12 1.701 9.352 20
2.469 1.271 9.242 20
2.766 1.241 9.722 20
2.627 0.955 10.181 21
2.416 0.805 10.238 20
2.321 1.076 10.061 20
2.434 1.484 9.533 20
2.422 1.501 9.145 20
2.472 1.293 9.019 20
2.689 1.458 8.816 20
2.753 1.587 8.738 21
2.527 1.517 9.144 20
2.74 1.196 9.257 20
2.674 0.923 9.544 20
2.481 0.593 10.071 20
2.449 0.902 9.734 20
2.207 1.104 8.823 20
2.361 0.951 8.539 21
3.087 0.593 9.656 20
3.709 0.504 10.372 20
3.488 0.794 10.045 20
2.633 1.007 8.848 20
3.082 0.699 9.036 20
3.511 0.5 9.75 20
3.391 0.461 9.616 21
3.085 0.721 9.523 20
2.852 1.196 8.911 20
3.052 0.901 9.072 20
3.156 0.626 9.392 20
3.326 0.591 9.61 20
3.296 1.003 9.397 20
3.623 1.121 9.261 21
3.526 1.076 9.026 20
3.297 0.948 8.889 20
3.301 0.843 9.173 20
3.402 0.985 9.251 20
3.385 1.04 9.066 20
3.374 1.024 9.002 20
3.372 0.863 9.082 21
3.578 0.829 9.356 20
3.706 0.983 9.438 20
3.659 1.073 9.266 20
3.496 1.212 8.949 20
3.556 1.049 8.967 20
3.664 0.733 9.336 20
3.679 1.051 9.277 21
3.618 1.206 9.149 20
3.562 1.136 9.136 20
3.599 1.114 9.029 20
3.558 1.22 8.683 20
3.311 0.913 8.898 20
3.219 0.722 9.083 20
3.225 0.982 9.028 21
3.284 1.017 9.131 20
3.411 0.88 9.299 20
3.384 0.83 9.21 20
3.451 0.844 9.356 20
3.642 0.542 9.37 20
3.679 0.884 9.284 20
3.642 1.189 9.154 21
3.556 1.168 8.979 20
3.467 1.074 9.061 20
3.23 1.161 9.183 20
3.277 1.52 8.84 20
3.41 1.612 8.921 20
3.48 1.717 9.093 20
3.599 1.535 9.01 21
3.696 1.469 8.93 20
3.853 1.223 9.086 20
3.961 1.088 9.179 20
3.734 0.997 9.222 20
3.73 1.091 9.272 20
3.486 1.057 9.295 20
3.44 1.008 9.057 21
3.493 0.998 9.034 20
3.563 0.986 9.212 20
3.457 1.103 8.922 20
3.468 1.208 8.865 20
3.546 1.001 8.95 20
3.717 0.866 9.182 20
3.734 0.989 9.196 21
3.615 1.029 9.132 20
3.759 0.933 9.096 20
3.784 1.058 9.063 20
3.767 0.965 8.956 20
3.785 1.01 9.146 20
3.601 1.004 8.981 20
3.506 0.937 8.952 21
3.57 0.783 9.226 20
3.65 0.93 9.233 20
3.581 1.062 9.143 20
3.568 1.123 8.932 20
3.782 0.957 8.982 20
3.796 0.885 9.006 20
3.852 0.948 9.167 21
3.771 1.035 9.201 20
3.783 1.083 8.98 20
3.7 0.935 8.972 20
3.966 0.886 9.092 20
3.867 0.903 9.24 20
3.679 1.025 9.089 20
3.566 0.994 8.8 21
3.665 0.888 8.784 20
3.82 0.891 8.985 20
3.739 0.954 9.192 20
3.841 1.046 9.225 20
3.777 0.968 9.014 20
3.742 0.924 9.008 20
3.719 0.927 9.102 20
3.839 0.938 9.129 21
3.829 1.039 9.162 20
3.704 1.294 8.855 20
3.754 0.912 8.855 20
3.956 0.875 8.991 20
4.012 1.003 9.122 20
3.987 1.06 9.009 20
3.929 1.035 8.994 21
3.827 0.975 9.041 20
3.911 0.878 9.029 20
3.904 0.979 9.099 20
3.749 1.02 8.933 20
3.72 1.131 8.694 20
3.775 1.031 8.722 20
3.796 0.943 8.983 21
3.974 0.945 9.202 20
3.966 0.998 9.21 20
3.955 1.099 9.014 20
3.964 1.053 8.937 20
4.031 1.061 9.019 20
3.999 1.09 9.127 20
3.939 1.15 9.27 21
3.812 1.203 9.054 20
3.501 1.06 8.804 20
3.482 0.896 8.875 20
3.565 0.808 9.077 20
3.523 0.998 9.003 20
3.513 1.065 9.043 20
3.547 0.897 9.09 21
3.742 0.859 9.41 20
3.755 0.879 9.09 20
3.865 1.083 8.943 20
3.857 1.19 8.997 20
3.717 1.145 8.833 20
3.692 0.963 8.811 20
3.764 0.993 9.107 21
3.878 1.046 9.304 20
3.918 1.06 9.253 20
3.853 1.05 9.242 20
3.764 0.976 9.274 20
3.819 0.835 9.246 20
4.047 0.824 9.22 20
4.295 1.11 9.064 21
4.741 1.454 9.149 20
5.038 1.298 9.053 20
5.057 0.538 9.322 20
4.819 0.027 8.77 20
5.248 0.795 8.136 20
6.136 1.788 8.656 20
6.975 1.282 8.19 21
7.121 1.409 7.817 20
7.611 2.051 8.262 20
7.475 4.725 7.616 20
7.757 6.87 6.162 20
8.292 7.07 5.438 20
10.176 5.389 5.015 20
12.955 4.305 5.974 21
12.148 3.969 4.742 20
10.454 5.228 3.94 20
10.376 4.684 1.613 20
12.519 4.585 0.344 20
13.539 5.883 0.531 20
12.293 4.721 1.115 20
9.647 3.836 0.273 21
9.963 4.248 0.6 20
10.236 4.968 -0.258 20
10.674 5.859 -0.829 20
10.565 5.059 -0.594 20
8.947 4.812 -1.009 20
7.963 5.233 -0.991 20
7.216 5.646 -0.384 21
7.442 5.151 0.217 20
7.78 3.499 1.574 20
7.214 1.717 4.209 20
6.625 1.386 4.852 20
4.56 -0.845 4.363 20
2.2 -7.708 5.558 20
1.678 -13.358 6.885 21
2.682 -14.942 7.963 20
4.213 -16.038 12.253 20
6.023 -15.744 16.304 20
7.604 -16.229 17.534 20
7.644 -15.889 14.173 20
6.74 -14.559 9.641 20
7.417 -13.139 8.798 21
7.223 -12.201 7.128 20
7.757 -11.736 3.019 20
9.525 -11.194 -1.194 20
11.171 -10.548 -2.182 20
12.463 -11.351 -2.206 20
12.936 -13.115 -3.317 20
12.896 -15.052 -4.888 21
13.192 -13.234 -8.27 20
11.723 -8.431 -10.361 20
11.251 -7.509 -9.206 20
11.74 -7.908 -7.136 20
11.208 -9.977 -7.389 20
11.558 -8.917 -11.185 20
9.838 -7.71 -12.988 21
8.193 -8.006 -12.438 20
6.733 -8.265 -12.67 20
6.178 -8.691 -12.813 20
6.665 -8.765 -11.633 20
7.192 -8.9 -10.08 20
7.328 -9.814 -8.929 20
6.79 -10.505 -8.219 21
6.138 -10.0 -8.86 20
5.678 -8.944 -9.504 20
5.398 -8.369 -9.418 20
4.924 -8.212 -9.011 20
4.894 -8.423 -8.644 20
5.105 -9.147 -8.08 20
5.212 -9.257 -7.851 20
5.606 -8.895 -7.537 21
5.577 -7.764 -7.551 20
5.539 -7.149 -7.861 20
5.546 -6.748 -8.372 20
5.618 -6.658 -8.848 20
6.759 -6.612 -8.079 20
7.975 -7.07 -6.797 20
8.997 -7.006 -5.54 21
9.212 -5.78 -4.802 20
9.328 -5.958 -5.424 20
9.864 -7.535 -3.669 20
10.34 -7.651 0.187 20
10.236 -8.077 1.265 20
9.437 -10.267 -0.465 20
8.64 -11.951 4.545 21
9.141 -10.232 7.07 20
9.04 -8.918 7.432 20
8.017 -9.49 9.532 20
6.422 -9.189 11.736 20
5.066 -9.327 13.543 20
4.773 -9.979 15.471 20
5.218 -11.158 16.283 21
5.726 -11.911 16.105 20
5.934 -12.431 15.026 20
6.084 -12.878 14.268 20
6.118 -12.59 12.433 20
6.255 -12.469 10.49 20
6.526 -12.307 10.425 20
6.43 -12.33 10.745 21
5.888 -11.9 9.2 20
6.225 -10.795 6.399 20
6.612 -10.412 3.898 20
7.172 -10.291 4.069 20
8.671 -8.932 5.573 20
9.137 -8.624 5.125 20
9.447 -10.687 1.592 21
10.378 -12.166 -1.825 20
12.127 -10.938 -4.287 20
10.977 -7.16 -6.757 20
9.313 -7.113 -6.01 20
10.288 -8.63 -5.878 20
11.637 -8.625 -7.443 20
11.766 -7.918 -9.518 21
11.106 -7.21 -11.125 20
9.44 -6.355 -11.519 20
7.786 -6.001 -11.574 20
8.363 -7.809 -10.386 20
9.308 -10.243 -10.633 20
10.429 -9.116 -12.831 20
10.479 -7.516 -13.892 21
10.048 -8.37 -13.793 20
8.984 -8.079 -12.191 20
8.504 -9.448 -10.398 20
8.172 -10.738 -9.025 20
8.188 -10.789 -9.228 20
8.034 -9.212 -10.51 20
7.875 -7.724 -10.96 21
7.523 -7.017 -10.773 20
7.445 -7.092 -9.182 20
7.436 -7.801 -7.427 20
7.574 -7.666 -6.303 20
7.989 -6.976 -5.218 20
8.188 -5.804 -4.756 20
8.0 -4.18 -5.385 21
7.807 -3.491 -5.606 20
8.1 -3.925 -5.384 20
8.325 -4.136 -5.052 20
9.101 -3.576 -4.878 20
9.822 -3.477 -4.874 20
10.202 -3.975 -3.814 20
10.496 -3.939 -2.02 21
9.292 -4.082 -1.006 20
8.382 -4.486 0.24 20
7.786 -4.179 1.119 20
6.97 -4.814 -0.186 20
6.261 -7.412 -1.524 20
5.197 -11.994 1.129 20
3.532 -12.999 5.213 21
2.482 -11.703 9.562 20
1.157 -11.189 14.491 20
0.224 -9.804 14.877 20
-0.222 -8.0 13.552 20
-0.408 -7.256 14.337 20
1.83 -6.176 15.672 20
3.975 -5.739 14.286 21
6.238 -3.062 9.169 20
8.661 -0.456 6.402 20
9.265 -0.335 9.68 20
7.792 -0.782 12.358 20
5.826 -0.852 11.89 20
4.378 0.375 8.624 20
4.631 1.783 6.593 21
6.149 1.192 8.225 20
6.896 0.611 10.523 20
5.851 0.597 9.992 20
5.262 1.821 7.505 20
5.599 3.601 5.587 20
5.9 3.537 6.104 20
6.315 2.081 8.272 21
6.286 0.944 9.607 20
5.814 1.115 9.13 20
5.812 2.167 6.901 20
6.102 2.688 6.028 20
6.169 2.233 6.715 20
6.28 1.53 7.614 20
6.625 1.007 7.296 20
6.979 1.252 5.945 21
7.262 2.0 5.132 20
6.666 2.324 5.062 20
6.585 2.201 4.895 20
6.744 1.989 4.533 20
7.47 2.091 4.221 20
7.957 3.163 3.987 20
7.718 4.531 3.382 21
7.401 4.896 3.174 20
7.546 4.424 3.323 20
7.665 3.941 3.519 20
8.131 4.143 3.617 20
8.497 5.105 3.722 20
7.934 5.416 4.044 20
7.095 4.532 4.835 21
7.102 3.298 4.97 20
6.096 3.637 5.095 20
5.623 3.7 5.171 20
5.002 3.953 5.451 20
4.659 2.996 6.068 20
4.206 1.953 7.064 20
4.342 1.757 7.39 21
5.533 1.622 6.621 20
5.929 1.988 7.184 20
5.134 2.413 7.738 20
5.18 2.261 7.989 20
5.66 1.768 8.283 20
5.825 1.534 8.898 20
5.986 1.482 9.63 21
5.859 1.293 10.306 20
5.965 2.276 9.999 20
5.715 3.167 9.443 20
4.798 3.562 8.958 20
3.92 3.49 9.039 20
3.143 2.657 9.014 20
2.6 1.657 9.898 21
2.168 1.273 11.038 20
2.342 1.813 10.386 20
2.433 2.475 10.112 20
2.415 2.607 9.88 20
2.46 2.43 9.785 20
2.561 2.251 9.625 20
2.468 2.05 9.871 21
2.353 2.106 10.36 20
2.348 2.039 10.151 20
2.348 2.413 9.997 20
1.953 3.398 10.289 20
1.486 4.473 11.543 20
1.861 3.892 12.396 20
2.544 2.913 12.095 21
3.156 2.448 11.539 20
3.474 2.372 10.558 20
3.27 2.775 9.045 20
2.453 2.929 7.64 20
1.763 2.793 7.254 20
1.732 2.687 7.418 20
1.946 2.741 8.219 21
2.441 2.381 8.854 20
2.347 2.392 8.885 20
2.133 2.52 8.441 20
1.647 2.819 8.346 20
1.761 2.17 8.941 20
2.326 1.903 9.842 20
2.489 1.823 9.855 21
2.338 1.858 9.777 20
2.532 2.227 9.784 20
2.708 2.385 9.976 20
2.822 2.271 9.884 20
2.734 2.183 9.426 20
2.43 2.185 9.029 20
2.185 2.101 8.667 21
2.315 2.045 8.873 20
2.252 1.904 8.969 20
2.112 1.857 8.772 20
2.122 1.89 8.855 20
2.237 1.886 9.259 20
2.426 1.922 9.843 20
2.586 1.836 9.993 21
2.531 1.898 9.957 20
2.519 1.85 9.866 20
2.476 1.863 9.679 20
2.45 1.862 9.512 20
2.283 1.815 9.239 20
2.233 1.841 9.076 20
2.215 1.866 9.252 21
2.143 1.837 9.265 20
2.096 1.796 9.09 20
2.22 1.809 9.299 20
2.4 1.854 9.334 20
2.439 1.827 9.458 20
2.465 1.985 9.483 20
2.613 1.987 9.214 21
2.686 1.941 9.21 20
2.64 1.915 9.238 20
2.694 1.963 9.316 20
2.668 2.052 9.318 20
2.748 2.084 9.346 20
2.747 2.106 9.409 20
2.836 2.131 9.282 21
2.648 2.123 9.138 20
2.589 2.132 9.048 20
2.543 2.134 9.13 20
2.57 2.081 9.196 20
2.674 2.143 9.382 20
2.575 2.12 9.46 20
2.456 2.198 9.081 20
2.357 2.262 8.987 21
2.455 2.174 9.038 20
2.56 2.033 9.359 20
2.58 2.194 9.264 20
2.513 2.28 9.224 20
2.621 2.101 9.068 20
2.61 2.088 9.143 20
2.683 2.13 9.256 21
2.651 2.087 9.325 20
2.744 2.064 9.401 20
2.822 2.137 9.311 20
2.765 2.2 9.368 20
2.774 2.107 9.23 20
2.659 2.104 9.029 20
2.641 2.119 9.162 21
2.564 2.071 9.134 20
2.605 2.201 9.274 20
2.631 2.187 9.247 20
2.539 2.11 9.281 20
2.506 2.159 9.163 20
2.5 2.138 8.936 20
2.562 2.184 9.038 21
2.666 2.174 9.297 20
2.659 2.117 9.356 20
2.572 2.181 9.302 20
2.787 2.131 9.46 20
2.653 2.183 9.315 20
2.688 2.115 9.025 20
2.616 2.096 8.937 21
2.694 2.117 9.067 20
2.691 2.144 9.063 20
2.657 2.222 9.178 20
2.573 2.259 9.267 20
2.828 2.221 9.305 20
2.712 2.244 9.392 20
2.751 2.214 9.284 21
2.773 2.206 9.244 20
2.645 2.283 9.035 20
2.612 2.223 9.066 20
2.725 2.161 9.251 20
2.77 2.211 9.298 20
2.729 2.235 9.316 20
2.651 2.178 9.154 21
2.544 2.152 8.986 20
2.482 2.151 9.12 20
2.602 2.285 9.453 20
2.74 2.383 9.59 20
2.749 2.328 9.311 20
2.688 2.318 9.047 20
2.714 2.227 8.892 21
2.796 2.278 8.92 20
2.935 2.44 8.998 20
2.824 2.387 9.203 20
2.842 2.488 9.058 20
2.754 2.468 9.125 20
2.863 2.352 9.104 20
2.852 2.44 9.003 21
2.9 2.48 9.116 20
2.903 2.395 9.107 20
2.774 2.411 9.076 20
2.735 2.456 9.091 20
2.76 2.407 9.046 20
2.763 2.358 9.094 20
2.801 2.312 9.324 21
2.878 2.31 9.302 20
2.826 2.274 9.106 20
2.845 2.339 9.105 20
2.802 2.336 9.078 20
2.779 2.315 9.012 20
2.832 2.382 9.138 20
2.744 2.398 9.21 21
2.769 2.304 9.139 20
2.847 2.346 9.192 20
2.857 2.27 9.363 20
2.751 2.312 9.27 20
2.63 2.291 9.2 20
2.74 2.36 9.114 20
2.86 2.401 9.076 21
2.932 2.422 9.125 20
2.929 2.421 9.143 20
2.94 2.388 9.12 20
2.77 2.338 9.055 20
2.897 2.259 8.892 20
2.99 2.262 9.117 20
2.856 2.361 9.145 21
2.902 2.333 9.159 20
3.005 2.37 8.957 20
2.767 2.308 8.979 20
2.708 2.32 9.02 20
2.785 2.421 9.086 20
2.965 2.451 9.141 20
3.44 2.48 8.049 21
3.41 2.385 8.119 20
3.354 2.667 8.974 20
3.4 2.664 9.358 20
3.267 2.558 9.48 20
3.03 2.498 9.483 20
2.888 2.355 9.417 20
2.821 2.393 9.131 21
2.856 2.487 9.142 20
3.042 2.277 8.635 20
3.042 2.493 8.69 20
3.149 2.403 8.824 20
3.159 2.495 8.937 20
3.049 2.465 9.115 20
2.938 2.396 9.313 21
2.965 2.272 9.477 20
2.877 2.289 9.118 20
2.958 2.39 9.076 20
2.873 2.34 8.994 20
2.851 2.328 9.023 20
2.917 2.322 9.067 20
3.042 2.329 9.12 21
3.066 2.398 9.085 20
3.141 2.49 9.145 20
3.088 2.444 9.077 20
3.073 2.451 8.959 20
3.092 2.48 8.954 20
3.065 2.443 8.948 20
3.066 2.379 8.902 20
3.036 2.402 9.072 21
3.12 2.411 9.354 20
3.066 2.25 9.234 20
3.011 2.357 9.16 20
2.9 2.426 8.963 20
2.903 2.415 8.937 20
3.062 2.367 8.993 20
3.1 2.462 8.986 21
2.968 2.513 8.901 20
3.055 2.371 9.069 20
3.133 2.416 9.111 20
3.14 2.392 9.141 20
3.108 2.404 9.1 20
3.044 2.444 8.952 20
3.024 2.421 8.704 21
3.118 2.347 8.809 20
3.079 2.391 9.043 20
3.1 2.447 9.128 20
3.05 2.414 9.199 20
3.009 2.448 8.993 20
3.135 2.458 8.791 20
3.31 2.444 8.622 21
3.176 2.536 8.313 20
3.241 2.636 8.831 20
3.447 2.661 9.744 20
3.589 2.785 9.88 20
3.35 2.473 9.217 20
3.042 2.281 8.756 20
# end
#Tue Apr 07 10:46:31 PDT 2015