# Accelerometer Values
# filename:  slap.txt
# Saving start time: Mon Apr 06 22:39:03 PDT 2015

# sensor resolution: 0.039230347m/s^2
#Sensorvendor: Invensense Inc., name: Invensense Accelerometer, type: 1,version : 4, range 19.613297

# X value, Y value, Z value, time diff in ms
4.372 -8.66 0.942 20
4.395 -8.712 0.917 20
4.235 -8.73 0.779 20
4.368 -8.572 0.721 20
4.423 -8.64 0.678 21
4.376 -8.662 0.699 20
4.326 -8.753 0.765 20
4.329 -8.736 0.714 20
4.262 -8.666 0.721 20
4.428 -8.664 0.67 20
4.456 -8.635 0.727 20
4.421 -8.643 0.709 21
4.416 -8.583 0.691 20
4.357 -8.556 0.671 20
4.187 -8.663 0.568 20
4.161 -8.695 0.689 20
4.256 -8.76 0.785 20
4.325 -8.695 0.745 20
4.419 -8.558 0.87 21
4.375 -8.447 0.788 20
4.353 -8.503 0.831 20
4.277 -8.525 0.939 20
4.157 -8.612 0.929 20
4.267 -8.541 0.955 20
4.323 -8.655 0.776 20
4.424 -8.616 0.879 21
4.422 -8.493 0.802 20
4.523 -8.451 0.771 20
4.535 -8.535 0.845 20
4.54 -8.57 0.91 20
4.497 -8.54 0.981 20
4.432 -8.548 0.907 20
4.476 -8.721 0.777 21
4.623 -8.779 0.673 20
4.683 -8.684 0.641 20
4.763 -8.694 0.963 20
4.694 -8.615 0.857 20
4.622 -8.548 0.926 20
4.686 -8.646 0.834 20
4.64 -8.55 0.759 21
4.562 -8.433 0.649 20
4.444 -8.421 0.531 20
4.412 -8.497 0.51 20
4.296 -8.584 0.495 20
4.177 -8.624 0.663 20
4.245 -8.61 0.729 20
4.373 -8.705 0.818 21
4.378 -8.714 0.793 20
4.491 -8.614 0.662 20
4.428 -8.638 0.854 20
4.458 -8.669 0.721 20
4.51 -8.576 0.641 20
4.564 -8.458 0.55 20
4.57 -8.478 0.601 21
4.664 -8.419 0.653 20
4.58 -8.546 0.448 20
4.606 -8.525 0.41 20
4.589 -8.508 0.491 20
4.578 -8.488 0.395 20
4.612 -8.407 0.39 20
4.704 -8.519 0.434 21
4.707 -8.551 0.431 20
4.718 -8.544 0.488 20
4.759 -8.519 0.547 20
4.681 -8.612 0.598 20
4.686 -8.57 0.618 20
4.622 -8.492 0.49 20
4.699 -8.378 0.542 21
4.493 -8.506 0.58 20
4.53 -8.487 0.635 20
4.551 -8.611 0.775 20
4.494 -8.54 0.73 20
4.523 -8.547 0.656 20
4.568 -8.531 0.808 20
4.641 -8.509 0.724 21
4.627 -8.528 0.653 20
4.62 -8.514 0.715 20
4.568 -8.504 0.721 20
4.631 -8.547 0.632 20
4.686 -8.455 0.657 20
4.622 -8.455 0.661 20
4.529 -8.458 0.528 21
4.527 -8.564 0.633 20
4.534 -8.528 0.65 20
4.515 -8.544 0.677 20
4.541 -8.491 0.571 20
4.596 -8.587 0.532 20
4.579 -8.622 0.567 20
4.539 -8.529 0.645 20
4.548 -8.595 0.617 21
4.568 -8.541 0.538 20
4.574 -8.528 0.466 20
4.526 -8.6 0.666 20
4.496 -8.64 0.687 20
4.482 -8.657 0.575 20
4.583 -8.596 0.554 20
4.593 -8.612 0.541 21
4.644 -8.533 0.458 20
4.59 -8.548 0.497 20
4.521 -8.62 0.515 20
4.483 -8.564 0.415 20
4.507 -8.694 0.521 20
4.543 -8.672 0.34 20
4.522 -8.699 0.327 21
4.469 -8.671 0.381 20
4.448 -8.66 0.402 20
4.417 -8.683 0.465 20
4.53 -8.575 0.354 20
4.604 -8.481 0.256 20
4.851 -8.402 0.476 20
4.955 -8.475 0.521 21
5.151 -8.456 0.453 20
5.385 -8.404 0.083 20
5.268 -8.394 -0.147 20
5.13 -8.422 -0.007 20
5.339 -8.708 0.118 20
6.101 -9.616 0.346 20
6.403 -9.959 0.465 21
7.276 -9.438 0.106 20
8.254 -8.795 -0.649 20
8.942 -7.623 -1.711 20
9.542 -7.653 -1.711 20
10.034 -8.727 -1.659 20
10.336 -9.104 -1.007 20
10.658 -8.228 -0.929 21
10.867 -8.358 -1.721 20
10.66 -8.335 -1.511 20
10.004 -7.952 -2.317 20
11.033 -7.385 -1.91 20
11.489 -7.216 -1.065 20
11.946 -7.664 -0.504 20
12.275 -8.76 0.527 21
11.608 -9.168 0.933 20
11.202 -8.649 1.393 20
10.872 -8.417 2.524 20
10.219 -7.34 2.719 20
9.113 -6.375 2.531 20
8.308 -6.11 1.984 20
8.075 -6.43 1.192 21
6.391 -7.143 1.027 20
5.692 -7.455 -0.039 20
4.994 -8.085 0.76 20
5.156 -8.827 2.007 20
5.354 -8.522 3.298 20
5.554 -8.088 4.097 20
5.42 -8.668 4.743 21
5.146 -8.782 5.801 20
5.145 -9.423 7.486 20
5.966 -10.264 7.322 20
6.099 -10.852 6.695 20
6.195 -10.472 6.02 20
6.194 -9.716 5.152 20
6.175 -9.161 3.405 21
6.386 -8.496 2.376 20
6.865 -7.187 2.545 20
6.907 -6.126 1.565 20
6.472 -5.38 0.054 20
5.841 -4.862 -0.021 20
5.864 -3.784 -0.564 20
6.82 -3.213 -2.351 21
7.916 -2.544 -2.876 20
8.008 -1.983 -1.05 20
7.906 -2.77 -0.363 20
7.962 -3.964 -2.517 20
7.893 -3.359 -5.82 20
7.459 -1.244 -7.562 20
7.692 -0.189 -6.008 21
8.192 -1.869 -4.762 20
8.972 -3.845 -4.303 20
9.694 -3.884 -6.226 20
9.0 -0.889 -9.23 20
8.247 0.214 -10.811 20
7.782 0.001 -10.474 20
7.709 -0.066 -9.908 21
7.299 -0.527 -9.137 20
7.911 -1.203 -8.618 20
7.926 -1.403 -8.366 20
7.614 -1.739 -8.098 20
7.14 -1.853 -8.224 20
6.748 -1.718 -8.471 20
6.551 -2.115 -7.972 21
6.564 -3.331 -7.632 20
7.071 -4.349 -7.789 20
7.458 -4.403 -7.954 20
7.496 -4.26 -7.995 20
7.246 -4.507 -7.891 20
6.879 -5.068 -7.504 20
6.757 -5.75 -7.434 21
6.746 -6.168 -7.368 20
6.657 -5.753 -7.706 20
6.497 -5.454 -7.774 20
6.567 -5.465 -7.868 20
6.688 -5.356 -7.835 20
6.995 -5.419 -7.268 20
6.956 -5.132 -6.687 21
6.923 -4.821 -6.926 20
7.119 -4.141 -7.108 20
7.484 -2.657 -7.19 20
7.731 -1.458 -7.288 20
8.105 -1.096 -7.079 20
8.239 -1.241 -6.507 20
7.983 -1.58 -5.436 20
8.383 -1.137 -4.329 21
8.777 -0.904 -4.459 20
10.042 -2.978 -3.41 20
10.802 -5.609 -0.747 20
11.208 -6.319 1.721 20
11.263 -6.065 5.248 20
10.507 -5.231 6.39 20
9.324 -5.407 6.664 21
8.234 -5.091 8.21 20
7.869 -4.252 10.37 20
7.497 -3.631 9.968 20
6.905 -2.98 7.092 20
6.591 -3.175 5.89 20
6.271 -3.946 7.054 20
5.937 -4.587 7.948 21
5.549 -5.352 8.17 20
5.455 -6.126 8.665 20
5.772 -6.522 9.731 20
6.296 -6.948 10.935 20
6.833 -7.238 11.693 20
7.386 -7.635 11.575 20
7.6 -7.839 10.134 21
7.606 -7.523 8.326 20
8.085 -7.414 7.662 20
8.484 -7.601 8.292 20
8.62 -7.606 8.332 20
8.717 -6.864 6.535 20
9.447 -6.457 5.218 20
9.903 -6.834 5.467 21
9.828 -6.991 6.435 20
9.669 -6.309 6.476 20
9.748 -6.362 2.713 20
9.568 -6.749 -1.76 20
9.382 -5.618 -2.337 20
9.204 -4.245 -1.598 20
9.39 -4.961 -1.464 21
9.826 -5.813 -2.227 20
10.257 -5.332 -4.47 20
10.224 -2.448 -8.454 20
8.867 -1.529 -8.588 20
9.38 -3.268 -7.059 20
9.712 -5.565 -5.518 20
10.356 -5.826 -6.435 21
9.964 -4.69 -8.457 20
8.952 -4.189 -10.193 20
7.53 -3.788 -11.478 20
6.003 -3.017 -11.252 20
5.867 -3.234 -10.324 20
6.137 -4.092 -9.352 20
7.016 -5.038 -8.325 21
7.745 -5.682 -8.351 20
7.98 -6.14 -8.708 20
8.08 -5.953 -9.58 20
7.498 -5.933 -9.891 20
6.827 -5.77 -9.618 20
6.308 -5.88 -8.679 20
6.244 -6.278 -7.514 21
6.474 -6.894 -6.195 20
6.688 -6.61 -5.58 20
6.993 -6.107 -5.288 20
6.934 -5.68 -5.12 20
6.993 -5.239 -5.675 20
7.185 -5.024 -6.259 20
7.695 -4.215 -6.373 21
8.264 -2.961 -6.197 20
9.17 -1.314 -6.538 20
9.661 -0.74 -7.186 20
10.251 -1.184 -7.145 20
10.584 -1.636 -5.55 20
10.561 -1.531 -5.178 20
10.383 -1.932 -5.91 21
12.093 -4.69 -6.166 20
13.499 -7.137 -0.289 20
12.081 -6.468 0.602 20
9.686 -4.715 -0.102 20
7.819 -4.802 -0.688 20
6.108 -7.229 1.116 20
5.23 -7.987 6.969 21
4.829 -7.74 9.971 20
4.269 -6.257 8.619 20
3.696 -4.618 6.54 20
3.042 -4.05 6.221 20
2.822 -4.473 7.363 20
3.165 -3.791 7.946 20
4.091 -3.43 7.184 21
5.229 -3.194 5.6 20
5.848 -2.125 4.882 20
5.862 -1.714 4.595 20
6.39 -2.077 3.984 20
6.995 -1.987 3.106 20
7.735 -1.669 2.723 20
8.08 -0.551 2.694 21
8.464 -0.188 1.715 20
9.316 -0.547 0.712 20
9.913 -0.914 0.999 20
10.264 -0.988 1.684 20
10.666 -1.344 1.766 20
11.235 -1.599 0.654 20
11.343 -1.743 -0.354 21
10.835 -2.023 -0.862 20
10.54 -2.666 -0.557 20
10.889 -3.585 -0.61 20
11.13 -4.626 -1.409 20
10.884 -5.554 -1.774 20
10.574 -6.141 -2.2 20
10.362 -6.409 -2.826 21
9.97 -7.513 -3.003 20
9.458 -8.34 -2.946 20
8.861 -8.822 -2.837 20
8.596 -9.202 -3.047 20
8.657 -9.538 -3.107 20
8.671 -10.163 -3.139 20
8.438 -10.649 -2.901 20
8.421 -10.641 -2.84 21
8.397 -10.139 -2.705 20
7.837 -9.783 -2.516 20
6.997 -10.085 -2.884 20
6.462 -10.374 -3.962 20
5.714 -9.723 -4.332 20
4.767 -9.51 -4.397 20
3.758 -9.819 -4.449 21
3.357 -10.018 -4.977 20
3.233 -10.017 -5.551 20
3.245 -9.923 -5.324 20
3.446 -9.902 -4.823 20
3.665 -9.622 -4.139 20
3.738 -9.487 -3.243 20
3.529 -9.384 -2.501 21
3.488 -9.28 -1.924 20
3.323 -9.172 -1.309 20
3.15 -9.305 -0.942 20
3.046 -9.646 -1.106 20
3.127 -10.003 -1.068 20
2.92 -10.014 -1.223 20
2.729 -9.761 -1.142 21
2.62 -9.583 -0.843 20
2.437 -9.445 -0.642 20
2.453 -9.432 -0.677 20
2.436 -9.285 -0.897 20
2.447 -9.092 -0.988 20
2.543 -8.926 -1.095 20
2.695 -8.788 -1.212 21
2.867 -8.686 -1.426 20
3.101 -8.72 -1.48 20
3.217 -8.815 -1.379 20
3.436 -8.98 -1.567 20
3.643 -9.002 -1.491 20
3.726 -8.892 -1.679 20
3.833 -8.815 -1.586 21
3.896 -8.858 -1.366 20
3.764 -8.948 -1.601 20
3.596 -9.088 -1.779 20
3.835 -8.929 -1.742 20
4.034 -8.646 -1.593 20
4.065 -8.741 -1.292 20
4.202 -8.907 -1.234 21
4.017 -8.739 -1.062 20
3.732 -8.544 -0.992 20
3.503 -8.498 -0.849 20
3.288 -8.751 -0.969 20
3.37 -9.124 -1.217 20
3.47 -8.976 -1.279 20
3.56 -8.943 -1.247 21
3.733 -8.866 -1.289 20
3.845 -8.844 -1.383 20
4.024 -8.759 -1.258 20
4.007 -8.821 -1.28 20
4.057 -8.764 -1.392 20
4.193 -8.696 -1.342 20
4.235 -8.844 -1.274 21
4.224 -9.0 -1.151 20
4.055 -8.874 -1.104 20
4.051 -8.926 -0.988 20
4.036 -8.94 -1.004 20
4.082 -8.858 -0.902 20
3.933 -8.838 -0.709 20
3.899 -8.836 -0.674 21
3.834 -8.898 -0.821 20
3.901 -8.751 -0.713 20
3.907 -8.714 -0.838 20
3.963 -8.799 -0.822 20
3.936 -8.901 -0.909 20
3.992 -8.869 -0.812 20
3.974 -8.731 -0.785 21
4.022 -8.839 -0.832 20
4.0 -8.863 -0.669 20
3.935 -8.894 -0.737 20
4.063 -8.855 -0.76 20
4.17 -8.824 -0.696 20
4.179 -8.792 -0.753 20
3.933 -8.79 -0.702 21
3.879 -8.962 -0.774 20
3.798 -8.858 -0.873 20
3.805 -8.912 -1.01 20
3.805 -8.913 -0.834 20
3.622 -8.88 -0.628 20
3.677 -8.997 -0.597 20
3.792 -9.3 -0.598 21
3.728 -9.003 -0.504 20
3.761 -8.834 -0.259 20
3.804 -9.07 -0.044 20
3.714 -9.209 -0.128 20
3.675 -9.079 -0.425 20
3.692 -8.79 -0.277 20
3.567 -8.83 -0.454 21
3.569 -9.014 -0.361 20
3.632 -9.166 -0.292 20
3.584 -8.993 -0.201 20
3.528 -8.925 -0.048 20
3.472 -8.962 -0.007 20
3.552 -9.038 -0.093 20
3.584 -8.964 -0.043 21
3.542 -8.901 -0.006 20
3.504 -8.887 0.13 20
3.627 -9.011 0.025 20
3.744 -9.057 -0.006 20
3.703 -8.84 0.16 20
3.595 -8.842 0.095 20
3.609 -9.198 0.042 21
3.736 -9.375 0.232 20
3.776 -9.233 0.362 20
3.605 -9.168 0.434 20
3.53 -9.406 0.272 20
3.417 -9.255 0.044 20
3.412 -9.118 0.092 20
3.226 -9.276 0.324 20
3.165 -9.258 0.328 21
3.091 -9.276 0.217 20
3.108 -9.074 0.19 20
3.17 -9.111 0.302 20
3.149 -9.101 0.386 20
3.097 -9.316 0.392 20
3.015 -9.201 0.389 20
2.991 -9.103 0.426 21
2.905 -9.17 0.514 20
2.944 -9.374 0.45 20
3.046 -9.282 0.346 20
3.11 -9.177 0.385 20
3.06 -9.214 0.499 20
3.124 -9.326 0.612 20
3.082 -9.364 0.609 21
3.142 -9.239 0.641 20
3.214 -9.241 0.504 20
3.128 -9.158 0.578 20
3.149 -9.351 0.516 20
3.099 -9.344 0.474 20
3.14 -9.295 0.604 20
3.096 -9.265 0.665 21
3.016 -9.18 0.69 20
2.969 -9.21 0.613 20
3.012 -9.096 0.575 20
2.988 -9.203 0.746 20
3.08 -9.272 0.598 20
3.109 -9.229 0.896 20
2.988 -9.173 0.772 21
3.033 -9.141 0.613 20
2.995 -9.159 0.624 20
3.116 -9.021 0.71 20
3.026 -8.997 0.643 20
2.885 -9.108 0.714 20
2.962 -9.263 0.663 20
2.991 -9.189 0.609 21
2.92 -9.022 0.583 20
2.84 -9.125 0.659 20
2.859 -9.158 0.776 20
2.932 -9.351 0.811 20
3.042 -9.311 0.7 20
3.127 -9.123 0.846 20
3.163 -9.098 0.719 21
3.047 -9.109 0.651 20
3.007 -9.098 0.384 20
2.991 -9.183 0.546 20
3.204 -9.351 0.762 20
3.35 -9.539 1.075 20
3.396 -9.524 1.192 20
3.237 -9.39 1.076 21
3.005 -9.389 0.979 20
2.876 -9.246 0.685 20
3.015 -9.07 0.753 20
3.13 -9.013 0.836 20
3.159 -9.002 1.002 20
3.052 -9.069 1.067 20
3.02 -9.17 0.801 21
3.01 -9.171 0.898 20
3.029 -9.162 1.007 20
3.204 -9.247 0.828 20
3.277 -9.14 0.713 20
3.241 -9.096 0.819 20
3.09 -9.053 0.75 20
3.145 -9.053 0.64 21
3.113 -9.124 0.841 20
3.007 -9.107 0.669 20
2.966 -9.149 0.866 20
3.031 -9.314 0.894 20
2.978 -9.311 0.859 20
3.043 -9.327 1.045 20
3.102 -9.212 1.103 21
3.423 -9.132 0.897 20
3.262 -9.223 0.863 20
3.312 -9.189 0.944 20
3.148 -9.193 0.974 20
3.085 -9.202 0.929 20
3.099 -9.141 0.868 20
3.138 -9.209 0.808 21
3.103 -9.351 0.844 20
2.918 -9.281 0.937 20
2.919 -9.114 0.857 20
3.013 -9.129 0.89 20
3.077 -9.159 0.959 20
3.116 -9.144 0.913 20
3.141 -9.211 0.921 21
3.219 -9.253 0.92 20
3.168 -9.1 0.905 20
3.101 -9.103 0.994 20
3.028 -9.157 0.86 20
3.085 -9.158 0.896 20
3.171 -9.151 0.966 20
3.147 -9.225 1.134 21
3.119 -9.229 1.009 20
2.998 -9.154 0.96 20
3.193 -9.136 0.87 20
3.301 -9.108 0.972 20
3.182 -9.134 0.984 20
3.166 -9.227 0.967 20
3.057 -9.146 0.964 21
3.156 -9.162 1.064 20
3.172 -9.113 1.036 20
3.191 -9.192 1.08 20
3.222 -9.253 0.983 20
3.165 -9.225 0.946 20
3.229 -9.169 0.874 20
3.149 -9.221 1.001 21
2.98 -9.192 1.073 20
2.917 -9.351 1.099 20
3.031 -9.393 1.253 20
3.194 -9.228 1.234 20
3.278 -9.018 1.368 20
3.158 -8.969 0.778 20
3.126 -8.87 0.111 20
3.148 -9.109 0.324 21
3.266 -9.247 0.546 20
3.291 -9.264 0.689 20
3.181 -9.343 0.819 20
3.154 -9.416 0.843 20
3.051 -9.185 0.912 20
3.099 -9.068 1.027 20
3.103 -9.139 0.938 21
3.127 -9.216 0.927 20
3.084 -9.151 1.045 20
3.15 -9.053 0.899 20
# end
#Mon Apr 06 22:39:14 PDT 2015